-59.2 62682
-59.2 62690
-59.2 62691
-59.2 62687
-59.2 62685
-59.2 62690
-59.2 62682
-59.2 62682
-59.2 62684
-59.2 62690
-59.2 62682
-59.2 62689
-59.2 62691
-59.2 62690
-59.2 62691
-59.2 62692
-59.2 62683
-59.2 62683
-59.2 62683
-59.2 62682
-59.2 62683
-59.2 62691
-59.2 62691
-59.2 62683
-59.2 62683
-59.2 62682
-59.2 62691
-59.2 62684
-59.2 62685
-59.2 62691
-59.2 62682
-59.2 62689
-59.2 62688
-59.2 62687
-59.2 62685
-59.2 62688
-59.2 62680
-59.2 62684
-59.2 62680
-59.2 62689
-59.2 62688
-59.2 62688
-59.2 62681
-59.2 62684
-59.2 62689
-59.2 62689
-59.2 62684
-59.2 62688
-59.2 62681
-59.2 62683
-59.2 62680
-59.2 62689
-59.2 62686
-59.2 62685
-59.2 62682
-59.2 62681
-59.2 62690
-59.2 62681
-59.2 62689
-59.2 62681
-59.2 62691
-59.2 62688
-59.2 62689
-59.2 62683
-52.1_10 62795
-52.1_10 62787
-52.1_10 62794
-52.1_10 62796
-52.1_10 62795
-52.1_10 62793
-52.1_10 62794
-52.1_10 62794
-52.1_10 62787
-52.1_10 62787
-52.1_10 62786
-52.1_10 62792
-52.1_10 62787
-52.1_10 62791
-52.1_10 62786
-52.1_10 62795
-52.1_10 62794
-52.1_10 62787
-52.1_10 62787
-52.1_10 62786
-52.1_10 62786
-52.1_10 62786
-52.1_10 62786
-52.1_10 62796
-52.1_10 62794
-52.1_10 62789
-52.1_10 62795
-52.1_10 62794
-52.1_10 62795
-52.1_10 62795
-52.1_10 62788
-52.1_10 62793
-52.1 62789
-52.1 62791
-52.1 62781
-52.1 62789
-52.1 62782
-52.1 62781
-52.1 62790
-52.1 62790
-52.1 62782
-52.1 62786
-52.1 62784
-52.1 62789
-52.1 62790
-52.1 62783
-52.1 62782
-52.1 62791
-52.1 62790
-52.1 62790
-52.1 62789
-52.1 62781
-52.1 62789
-52.1 62781
-52.1 62782
-52.1 62790
-52.1 62789
-52.1 62782
-52.1 62782
-52.1 62790
-52.1 62790
-52.1 62791
-52.1 62782
-52.1 62791
-47.4_10 62844
-47.4_10 62836
-47.4_10 62837
-47.4_10 62843
-47.4_10 62836
-47.4_10 62835
-47.4_10 62836
-47.4_10 62844
-47.4_10 62835
-47.4_10 62836
-47.4_10 62842
-47.4_10 62843
-47.4_10 62844
-47.4_10 62841
-47.4_10 62836
-47.4_10 62837
-47.4_10 62843
-47.4_10 62843
-47.4_10 62837
-47.4_10 62845
-47.4_10 62837
-47.4_10 62836
-47.4_10 62845
-47.4_10 62842
-47.4_10 62836
-47.4_10 62844
-47.4_10 62836
-47.4_10 62837
-47.4_10 62845
-47.4_10 62837
-47.4_10 62837
-47.4_10 62837
-47.3 62844
-47.3 62853
-47.3 62844
-47.3 62845
-47.3 62852
-47.3 62853
-47.3 62853
-47.3 62854
-47.3 62853
-47.3 62852
-47.3 62852
-47.3 62853
-47.3 62853
-47.3 62853
-47.3 62845
-47.3 62845
-47.3 62845
-47.3 62850
-47.3 62850
-47.3 62844
-47.3 62844
-47.3 62851
-47.3 62853
-47.3 62845
-47.3 62854
-47.3 62846
-47.3 62844
-47.3 62845
-47.3 62844
-47.3 62852
-47.3 62853
-47.3 62846
-42.6_10 62897
-42.6_10 62905
-42.6_10 62905
-42.6_10 62896
-42.6_10 62898
-42.6_10 62905
-42.6_10 62896
-42.6_10 62903
-42.6_10 62904
-42.6_10 62897
-42.6_10 62897
-42.6_10 62898
-42.6_10 62905
-42.6_10 62897
-42.6_10 62898
-42.6_10 62898
-42.6_10 62904
-42.6_10 62896
-42.6_10 62904
-42.6_10 62897
-42.6_10 62905
-42.6_10 62896
-42.6_10 62897
-42.6_10 62902
-42.6_10 62897
-42.6_10 62905
-42.6_10 62905
-42.6_10 62897
-42.6_10 62903
-42.6_10 62899
-42.6_10 62905
-42.6_10 62897
-42.3 62912
-42.3 62906
-42.3 62904
-42.3 62909
-42.3 62913
-42.3 62912
-42.3 62905
-42.3 62906
-42.3 62912
-42.3 62904
-42.3 62913
-42.3 62904
-42.3 62911
-42.3 62905
-42.3 62912
-42.3 62905
-42.3 62913
-42.3 62905
-42.3 62905
-42.3 62905
-42.3 62913
-42.3 62905
-42.3 62905
-42.3 62905
-42.3 62908
-42.3 62912
-42.3 62905
-42.3 62913
-42.3 62913
-42.3 62913
-42.3 62913
-42.3 62910
-37.6_10 62955
-37.6_10 62956
-37.6_10 62960
-37.6_10 62964
-37.6_10 62964
-37.6_10 62957
-37.6_10 62963
-37.6_10 62957
-37.6_10 62956
-37.6_10 62956
-37.6_10 62959
-37.6_10 62955
-37.6_10 62956
-37.6_10 62963
-37.6_10 62957
-37.6_10 62957
-37.6_10 62963
-37.6_10 62957
-37.6_10 62956
-37.6_10 62964
-37.6_10 62962
-37.6_10 62958
-37.6_10 62957
-37.6_10 62962
-37.6_10 62958
-37.6_10 62955
-37.6_10 62960
-37.6_10 62956
-37.6_10 62956
-37.6_10 62963
-37.6_10 62965
-37.6_10 62965
-37.4 62964
-37.4 62964
-37.4 62972
-37.4 62964
-37.4 62968
-37.4 62972
-37.4 62971
-37.4 62963
-37.4 62971
-37.4 62970
-37.4 62971
-37.4 62972
-37.4 62964
-37.4 62964
-37.4 62972
-37.4 62963
-37.4 62971
-37.4 62964
-37.4 62965
-37.4 62972
-37.4 62972
-37.4 62965
-37.4 62969
-37.4 62965
-37.4 62964
-37.4 62964
-37.4 62969
-37.4 62968
-37.4 62971
-37.4 62963
-37.4 62971
-37.4 62963
-32.7_10 63014
-32.7_10 63018
-32.7_10 63011
-32.7_10 63016
-32.7_10 63018
-32.7_10 63018
-32.7_10 63010
-32.7_10 63010
-32.7_10 63018
-32.7_10 63017
-32.7_10 63018
-32.7_10 63011
-32.7_10 63011
-32.7_10 63011
-32.7_10 63011
-32.7_10 63011
-32.7_10 63011
-32.7_10 63011
-32.7_10 63012
-32.7_10 63018
-32.7_10 63011
-32.7_10 63011
-32.7_10 63018
-32.7_10 63019
-32.7_10 63018
-32.7_10 63019
-32.7_10 63012
-32.7_10 63011
-32.7_10 63012
-32.7_10 63011
-32.7_10 63013
-32.7_10 63015
-32.4 63020
-32.4 63026
-32.4 63018
-32.4 63018
-32.4 63019
-32.4 63022
-32.4 63021
-32.4 63026
-32.4 63027
-32.4 63019
-32.4 63018
-32.4 63024
-32.4 63025
-32.4 63026
-32.4 63019
-32.4 63019
-32.4 63025
-32.4 63019
-32.4 63019
-32.4 63026
-32.4 63026
-32.4 63019
-32.4 63026
-32.4 63027
-32.4 63022
-32.4 63019
-32.4 63018
-32.4 63023
-32.4 63022
-32.4 63026
-32.4 63025
-32.4 63026
-27.8_10 63071
-27.8_10 63064
-27.8_10 63070
-27.8_10 63064
-27.8_10 63068
-27.8_10 63070
-27.8_10 63063
-27.8_10 63063
-27.8_10 63071
-27.8_10 63064
-27.8_10 63064
-27.8_10 63064
-27.8_10 63063
-27.8_10 63063
-27.8_10 63070
-27.8_10 63071
-27.8_10 63064
-27.8_10 63071
-27.8_10 63071
-27.8_10 63071
-27.8_10 63072
-27.8_10 63071
-27.8_10 63064
-27.8_10 63064
-27.8_10 63064
-27.8_10 63067
-27.8_10 63071
-27.8_10 63071
-27.8_10 63071
-27.8_10 63071
-27.8_10 63067
-27.8_10 63069
-27.5 63072
-27.5 63072
-27.5 63072
-27.5 63078
-27.5 63073
-27.5 63071
-27.5 63079
-27.5 63071
-27.5 63072
-27.5 63072
-27.5 63071
-27.5 63071
-27.5 63078
-27.5 63072
-27.5 63077
-27.5 63071
-27.5 63079
-27.5 63079
-27.5 63079
-27.5 63072
-27.5 63079
-27.5 63072
-27.5 63071
-27.5 63072
-27.5 63079
-27.5 63072
-27.5 63079
-27.5 63075
-27.5 63079
-27.5 63072
-27.5 63078
-27.5 63072
-23.3_10 63113
-23.3_10 63117
-23.3_10 63117
-23.3_10 63110
-23.3_10 63110
-23.3_10 63114
-23.3_10 63110
-23.3_10 63111
-23.3_10 63118
-23.3_10 63112
-23.3_10 63111
-23.3_10 63117
-23.3_10 63110
-23.3_10 63117
-23.3_10 63115
-23.3_10 63118
-23.3_10 63118
-23.3_10 63111
-23.3_10 63118
-23.3_10 63111
-23.3_10 63112
-23.3_10 63116
-23.3_10 63112
-23.3_10 63113
-23.3_10 63111
-23.3_10 63118
-23.3_10 63118
-23.3_10 63112
-23.3_10 63112
-23.3_10 63118
-23.3_10 63118
-23.3_10 63119
-23.1 63124
-23.1 63116
-23.1 63116
-23.1 63116
-23.1 63120
-23.1 63116
-23.1 63123
-23.1 63123
-23.1 63124
-23.1 63123
-23.1 63123
-23.1 63120
-23.1 63123
-23.1 63123
-23.1 63116
-23.1 63121
-23.1 63118
-23.1 63122
-23.1 63123
-23.1 63119
-23.1 63118
-23.1 63115
-23.1 63119
-23.1 63115
-23.1 63123
-23.1 63123
-23.1 63119
-23.1 63120
-23.1 63121
-23.1 63124
-23.1 63116
-23.1 63123
-18.8_10 63158
-18.8_10 63156
-18.8_10 63163
-18.8_10 63162
-18.8_10 63160
-18.8_10 63162
-18.8_10 63163
-18.8_10 63157
-18.8_10 63163
-18.8_10 63162
-18.8_10 63157
-18.8_10 63159
-18.8_10 63163
-18.8_10 63157
-18.8_10 63160
-18.8_10 63155
-18.8_10 63157
-18.8_10 63163
-18.8_10 63157
-18.8_10 63162
-18.8_10 63164
-18.8_10 63157
-18.8_10 63157
-18.8_10 63163
-18.8_10 63163
-18.8_10 63157
-18.8_10 63163
-18.8_10 63160
-18.8_10 63156
-18.8_10 63163
-18.8_10 63163
-18.8_10 63163
-18.6 63170
-18.6 63168
-18.6 63168
-18.6 63168
-18.6 63168
-18.6 63169
-18.6 63168
-18.6 63169
-18.6 63164
-18.6 63162
-18.6 63164
-18.6 63162
-18.6 63162
-18.6 63169
-18.6 63168
-18.6 63162
-18.6 63169
-18.6 63162
-18.6 63162
-18.6 63162
-18.6 63169
-18.6 63169
-18.6 63164
-18.6 63162
-18.6 63169
-18.6 63162
-18.6 63168
-18.6 63169
-18.6 63169
-18.6 63170
-18.6 63169
-18.6 63169
-14.3_10 63207
-14.3_10 63206
-14.3_10 63199
-14.3_10 63202
-14.3_10 63206
-14.3_10 63204
-14.3_10 63200
-14.3_10 63203
-14.3_10 63205
-14.3_10 63199
-14.3_10 63199
-14.3_10 63206
-14.3_10 63206
-14.3_10 63206
-14.3_10 63199
-14.3_10 63200
-14.3_10 63207
-14.3_10 63200
-14.3_10 63199
-14.3_10 63200
-14.3_10 63206
-14.3_10 63200
-14.3_10 63206
-14.3_10 63206
-14.3_10 63200
-14.3_10 63200
-14.3_10 63204
-14.3_10 63200
-14.3_10 63199
-14.3_10 63199
-14.3_10 63201
-14.3_10 63206
-13.9 63215
-13.9 63207
-13.9 63214
-13.9 63207
-13.9 63208
-13.9 63211
-13.9 63214
-13.9 63208
-13.9 63208
-13.9 63215
-13.9 63214
-13.9 63215
-13.9 63208
-13.9 63214
-13.9 63208
-13.9 63214
-13.9 63208
-13.9 63208
-13.9 63212
-13.9 63215
-13.9 63211
-13.9 63215
-13.9 63215
-13.9 63215
-13.9 63214
-13.9 63215
-13.9 63208
-13.9 63208
-13.9 63208
-13.9 63208
-13.9 63211
-13.9 63215
-9.6_10 63247
-9.6_10 63250
-9.6_10 63249
-9.6_10 63249
-9.6_10 63248
-9.6_10 63249
-9.6_10 63249
-9.6_10 63248
-9.6_10 63249
-9.6_10 63249
-9.6_10 63248
-9.6_10 63249
-9.6_10 63242
-9.6_10 63249
-9.6_10 63243
-9.6_10 63242
-9.6_10 63250
-9.6_10 63249
-9.6_10 63249
-9.6_10 63243
-9.6_10 63244
-9.6_10 63250
-9.6_10 63243
-9.6_10 63249
-9.6_10 63243
-9.6_10 63243
-9.6_10 63243
-9.6_10 63243
-9.6_10 63242
-9.6_10 63249
-9.6_10 63249
-9.6_10 63243
-9.3 63253
-9.3 63251
-9.3 63254
-9.3 63251
-9.3 63252
-9.3 63256
-9.3 63257
-9.3 63258
-9.3 63250
-9.3 63250
-9.3 63250
-9.3 63258
-9.3 63251
-9.3 63251
-9.3 63258
-9.3 63258
-9.3 63258
-9.3 63257
-9.3 63257
-9.3 63251
-9.3 63257
-9.3 63258
-9.3 63257
-9.3 63251
-9.3 63258
-9.3 63251
-9.3 63257
-9.3 63251
-9.3 63257
-9.3 63251
-9.3 63250
-9.3 63257
-4.9_10 63293
-4.9_10 63292
-4.9_10 63291
-4.9_10 63290
-4.9_10 63292
-4.9_10 63291
-4.9_10 63287
-4.9_10 63285
-4.9_10 63292
-4.9_10 63291
-4.9_10 63285
-4.9_10 63285
-4.9_10 63285
-4.9_10 63289
-4.9_10 63285
-4.9_10 63286
-4.9_10 63291
-4.9_10 63292
-4.9_10 63292
-4.9_10 63292
-4.9_10 63285
-4.9_10 63286
-4.9_10 63292
-4.9_10 63286
-4.9_10 63291
-4.9_10 63292
-4.9_10 63292
-4.9_10 63293
-4.9_10 63285
-4.9_10 63292
-4.9_10 63286
-4.9_10 63286
-4.4 63295
-4.4 63299
-4.4 63294
-4.4 63294
-4.4 63301
-4.4 63294
-4.4 63294
-4.4 63293
-4.4 63300
-4.4 63294
-4.4 63294
-4.4 63294
-4.4 63301
-4.4 63297
-4.4 63300
-4.4 63294
-4.4 63295
-4.4 63300
-4.4 63296
-4.4 63300
-4.4 63301
-4.4 63294
-4.4 63293
-4.4 63294
-4.4 63300
-4.4 63298
-4.4 63300
-4.4 63294
-4.4 63300
-4.4 63301
-4.4 63301
-4.4 63294
-0.1_10 63330
-0.1_10 63334
-0.1_10 63327
-0.1_10 63330
-0.1_10 63333
-0.1_10 63334
-0.1_10 63328
-0.1_10 63334
-0.1_10 63327
-0.1_10 63328
-0.1_10 63327
-0.1_10 63328
-0.1_10 63334
-0.1_10 63330
-0.1_10 63334
-0.1_10 63328
-0.1_10 63328
-0.1_10 63334
-0.1_10 63334
-0.1_10 63328
-0.1_10 63332
-0.1_10 63327
-0.1_10 63328
-0.1_10 63334
-0.1_10 63328
-0.1_10 63329
-0.1_10 63327
-0.1_10 63328
-0.1_10 63334
-0.1_10 63327
-0.1_10 63334
-0.1_10 63334
0.3 63342
0.3 63336
0.3 63336
0.3 63336
0.3 63342
0.3 63335
0.3 63342
0.3 63336
0.3 63336
0.3 63342
0.3 63336
0.3 63341
0.3 63342
0.3 63341
0.3 63342
0.3 63342
0.3 63335
0.3 63340
0.3 63342
0.3 63339
0.3 63336
0.3 63342
0.3 63342
0.3 63336
0.3 63335
0.3 63342
0.3 63342
0.3 63342
0.3 63342
0.3 63342
0.3 63335
0.3 63342
4.6_10 63374
4.6_10 63373
4.6_10 63374
4.6_10 63373
4.6_10 63367
4.6_10 63374
4.6_10 63373
4.6_10 63374
4.6_10 63374
4.6_10 63374
4.6_10 63371
4.6_10 63373
4.6_10 63374
4.6_10 63367
4.6_10 63374
4.6_10 63372
4.6_10 63369
4.6_10 63374
4.6_10 63374
4.6_10 63368
4.6_10 63368
4.6_10 63375
4.6_10 63368
4.6_10 63368
4.6_10 63374
4.6_10 63368
4.6_10 63375
4.6_10 63368
4.6_10 63369
4.6_10 63367
4.6_10 63375
4.6_10 63368
5.1 63384
5.1 63383
5.1 63377
5.1 63383
5.1 63381
5.1 63384
5.1 63383
5.1 63383
5.1 63377
5.1 63377
5.1 63383
5.1 63378
5.1 63383
5.1 63383
5.1 63378
5.1 63384
5.1 63379
5.1 63383
5.1 63377
5.1 63377
5.1 63384
5.1 63381
5.1 63383
5.1 63384
5.1 63383
5.1 63383
5.1 63383
5.1 63384
5.1 63377
5.1 63383
5.1 63381
5.1 63377
9.4_10 63419
9.4_10 63412
9.4_10 63412
9.4_10 63411
9.4_10 63411
9.4_10 63411
9.4_10 63411
9.4_10 63418
9.4_10 63411
9.4_10 63411
9.4_10 63411
9.4_10 63418
9.4_10 63411
9.4_10 63418
9.4_10 63411
9.4_10 63418
9.4_10 63417
9.4_10 63411
9.4_10 63419
9.4_10 63417
9.4_10 63411
9.4_10 63412
9.4_10 63418
9.4_10 63417
9.4_10 63416
9.4_10 63418
9.4_10 63417
9.4_10 63415
9.4_10 63413
9.4_10 63412
9.4_10 63411
9.4_10 63412
9.9 63421
9.9 63420
9.9 63420
9.9 63422
9.9 63426
9.9 63421
9.9 63424
9.9 63420
9.9 63420
9.9 63420
9.9 63426
9.9 63421
9.9 63422
9.9 63426
9.9 63421
9.9 63423
9.9 63426
9.9 63427
9.9 63425
9.9 63426
9.9 63421
9.9 63426
9.9 63420
9.9 63421
9.9 63424
9.9 63426
9.9 63426
9.9 63422
9.9 63426
9.9 63420
9.9 63427
9.9 63427
13.9_10 63452
13.9_10 63449
13.9_10 63455
13.9_10 63456
13.9_10 63456
13.9_10 63449
13.9_10 63450
13.9_10 63456
13.9_10 63456
13.9_10 63456
13.9_10 63456
13.9_10 63456
13.9_10 63450
13.9_10 63451
13.9_10 63452
13.9_10 63449
13.9_10 63450
13.9_10 63456
13.9_10 63450
13.9_10 63450
13.9_10 63450
13.9_10 63457
13.9_10 63454
13.9_10 63450
13.9_10 63457
13.9_10 63451
13.9_10 63450
13.9_10 63457
13.9_10 63457
13.9_10 63457
13.9_10 63453
13.9_10 63455
14.6 63462
14.6 63462
14.6 63468
14.6 63467
14.6 63468
14.6 63467
14.6 63468
14.6 63468
14.6 63462
14.6 63465
14.6 63468
14.6 63467
14.6 63468
14.6 63462
14.6 63468
14.6 63466
14.6 63468
14.6 63462
14.6 63468
14.6 63466
14.6 63463
14.6 63462
14.6 63462
14.6 63467
14.6 63467
14.6 63462
14.6 63465
14.6 63468
14.6 63468
14.6 63468
14.6 63462
14.6 63462
19.1_10 63498
19.1_10 63504
19.1_10 63498
19.1_10 63501
19.1_10 63502
19.1_10 63499
19.1_10 63504
19.1_10 63498
19.1_10 63504
19.1_10 63504
19.1_10 63503
19.1_10 63504
19.1_10 63505
19.1_10 63504
19.1_10 63499
19.1_10 63499
19.1_10 63503
19.1_10 63499
19.1_10 63498
19.1_10 63499
19.1_10 63499
19.1_10 63498
19.1_10 63499
19.1_10 63499
19.1_10 63499
19.1_10 63504
19.1_10 63499
19.1_10 63505
19.1_10 63505
19.1_10 63499
19.1_10 63499
19.1_10 63499
19.6 63505
19.6 63508
19.6 63506
19.6 63511
19.6 63512
19.6 63511
19.6 63511
19.6 63505
19.6 63508
19.6 63511
19.6 63506
19.6 63506
19.6 63506
19.6 63511
19.6 63511
19.6 63506
19.6 63511
19.6 63505
19.6 63506
19.6 63511
19.6 63511
19.6 63505
19.6 63512
19.6 63512
19.6 63505
19.6 63506
19.6 63512
19.6 63512
19.6 63512
19.6 63512
19.6 63506
19.6 63512
23.7_10 63534
23.7_10 63533
23.7_10 63537
23.7_10 63539
23.7_10 63533
23.7_10 63538
23.7_10 63536
23.7_10 63534
23.7_10 63538
23.7_10 63539
23.7_10 63539
23.7_10 63539
23.7_10 63533
23.7_10 63539
23.7_10 63538
23.7_10 63534
23.7_10 63534
23.7_10 63534
23.7_10 63539
23.7_10 63535
23.7_10 63539
23.7_10 63540
23.7_10 63539
23.7_10 63539
23.7_10 63534
23.7_10 63534
23.7_10 63539
23.7_10 63538
23.7_10 63539
23.7_10 63539
23.7_10 63540
23.7_10 63540
24.4 63547
24.4 63547
24.4 63542
24.4 63547
24.4 63542
24.4 63542
24.4 63546
24.4 63542
24.4 63547
24.4 63542
24.4 63542
24.4 63547
24.4 63542
24.4 63548
24.4 63542
24.4 63542
24.4 63542
24.4 63542
24.4 63542
24.4 63542
24.4 63542
24.4 63541
24.4 63547
24.4 63542
24.4 63542
24.4 63548
24.4 63548
24.4 63542
24.4 63542
24.4 63542
24.4 63547
24.4 63542
27.8_10 63561
27.8_10 63561
27.8_10 63563
27.8_10 63566
27.8_10 63567
27.8_10 63561
27.8_10 63560
27.8_10 63561
27.8_10 63566
27.8_10 63561
27.8_10 63567
27.8_10 63567
27.8_10 63562
27.8_10 63561
27.8_10 63562
27.8_10 63566
27.8_10 63567
27.8_10 63561
27.8_10 63567
27.8_10 63566
27.8_10 63562
27.8_10 63566
27.8_10 63561
27.8_10 63562
27.8_10 63561
27.8_10 63567
27.8_10 63562
27.8_10 63566
27.8_10 63561
27.8_10 63567
27.8_10 63567
27.8_10 63561
28.8 63571
28.8 63572
28.8 63573
28.8 63571
28.8 63571
28.8 63577
28.8 63571
28.8 63571
28.8 63576
28.8 63574
28.8 63571
28.8 63577
28.8 63577
28.8 63571
28.8 63576
28.8 63575
28.8 63571
28.8 63577
28.8 63577
28.8 63574
28.8 63574
28.8 63572
28.8 63577
28.8 63576
28.8 63571
28.8 63571
28.8 63577
28.8 63571
28.8 63577
28.8 63571
28.8 63577
28.8 63577
32.8_10 63603
32.8_10 63604
32.8_10 63598
32.8_10 63603
32.8_10 63600
32.8_10 63598
32.8_10 63598
32.8_10 63598
32.8_10 63598
32.8_10 63602
32.8_10 63603
32.8_10 63598
32.8_10 63601
32.8_10 63603
32.8_10 63600
32.8_10 63599
32.8_10 63604
32.8_10 63598
32.8_10 63604
32.8_10 63601
32.8_10 63604
32.8_10 63599
32.8_10 63600
32.8_10 63604
32.8_10 63599
32.8_10 63604
32.8_10 63602
32.8_10 63599
32.8_10 63598
32.8_10 63599
32.8_10 63599
32.8_10 63604
33.8 63612
33.8 63608
33.8 63612
33.8 63610
33.8 63613
33.8 63609
33.8 63613
33.8 63613
33.8 63609
33.8 63607
33.8 63608
33.8 63612
33.8 63608
33.8 63613
33.8 63613
33.8 63612
33.8 63608
33.8 63607
33.8 63607
33.8 63613
33.8 63613
33.8 63608
33.8 63609
33.8 63607
33.8 63613
33.8 63609
33.8 63612
33.8 63613
33.8 63608
33.8 63608
33.8 63611
33.8 63608
37.7_10 63634
37.7_10 63638
37.7_10 63633
37.7_10 63633
37.7_10 63637
37.7_10 63632
37.7_10 63638
37.7_10 63638
37.7_10 63632
37.7_10 63638
37.7_10 63633
37.7_10 63632
37.7_10 63633
37.7_10 63638
37.7_10 63632
37.7_10 63633
37.7_10 63632
37.7_10 63636
37.7_10 63638
37.7_10 63638
37.7_10 63638
37.7_10 63633
37.7_10 63633
37.7_10 63638
37.7_10 63633
37.7_10 63633
37.7_10 63638
37.7_10 63639
37.7_10 63635
37.7_10 63635
37.7_10 63634
37.7_10 63638
38.7 63642
38.7 63643
38.7 63647
38.7 63642
38.7 63644
38.7 63642
38.7 63647
38.7 63648
38.7 63643
38.7 63648
38.7 63648
38.7 63642
38.7 63643
38.7 63646
38.7 63647
38.7 63648
38.7 63643
38.7 63643
38.7 63644
38.7 63642
38.7 63645
38.7 63643
38.7 63643
38.7 63643
38.7 63647
38.7 63642
38.7 63642
38.7 63647
38.7 63642
38.7 63643
38.7 63643
38.7 63643
45.8_10 63696
45.8_10 63691
45.8_10 63691
45.8_10 63691
45.8_10 63696
45.8_10 63696
45.8_10 63693
45.8_10 63692
45.8_10 63691
45.8_10 63696
45.8_10 63694
45.8_10 63693
45.8_10 63691
45.8_10 63691
45.8_10 63691
45.8_10 63692
45.8_10 63692
45.8_10 63696
45.8_10 63694
45.8_10 63691
45.8_10 63697
45.8_10 63696
45.8_10 63692
45.8_10 63691
45.8_10 63692
45.8_10 63692
45.8_10 63692
45.8_10 63692
45.8_10 63691
45.8_10 63697
45.8_10 63691
45.8_10 63697
45.8 63698
45.8 63696
45.8 63698
45.8 63698
45.8 63694
45.8 63698
45.8 63698
45.8 63694
45.8 63699
45.8 63697
45.8 63698
45.8 63694
45.8 63699
45.8 63699
45.8 63694
45.8 63694
45.8 63694
45.8 63699
45.8 63694
45.8 63699
45.8 63697
45.8 63694
45.8 63694
45.8 63698
45.8 63699
45.8 63694
45.8 63698
45.8 63698
45.8 63694
45.8 63698
45.8 63698
45.8 63698
48.9_10 63709
48.9_10 63713
48.9_10 63713
48.9_10 63713
48.9_10 63708
48.9_10 63714
48.9_10 63713
48.9_10 63709
48.9_10 63714
48.9_10 63713
48.9_10 63709
48.9_10 63709
48.9_10 63713
48.9_10 63714
48.9_10 63709
48.9_10 63709
48.9_10 63714
48.9_10 63709
48.9_10 63709
48.9_10 63714
48.9_10 63713
48.9_10 63714
48.9_10 63710
48.9_10 63714
48.9_10 63714
48.9_10 63711
48.9_10 63714
48.9_10 63709
48.9_10 63714
48.9_10 63709
48.9_10 63714
48.9_10 63715
49.3 63712
49.3 63716
49.3 63713
49.3 63712
49.3 63716
49.3 63715
49.3 63716
49.3 63712
49.3 63716
49.3 63713
49.3 63712
49.3 63716
49.3 63717
49.3 63711
49.3 63712
49.3 63711
49.3 63712
49.3 63716
49.3 63713
49.3 63711
49.3 63716
49.3 63716
49.3 63716
49.3 63717
49.3 63716
49.3 63717
49.3 63716
49.3 63717
49.3 63717
49.3 63717
49.3 63715
49.3 63712
52.8_10 63729
52.8_10 63728
52.8_10 63730
52.8_10 63729
52.8_10 63733
52.8_10 63730
52.8_10 63731
52.8_10 63730
52.8_10 63729
52.8_10 63731
52.8_10 63730
52.8_10 63733
52.8_10 63733
52.8_10 63733
52.8_10 63734
52.8_10 63729
52.8_10 63729
52.8_10 63734
52.8_10 63732
52.8_10 63734
52.8_10 63729
52.8_10 63732
52.8_10 63729
52.8_10 63734
52.8_10 63733
52.8_10 63734
52.8_10 63734
52.8_10 63732
52.8_10 63732
52.8_10 63732
52.8_10 63730
52.8_10 63734
53.7 63741
53.7 63741
53.7 63739
53.7 63736
53.7 63741
53.7 63737
53.7 63741
53.7 63741
53.7 63740
53.7 63736
53.7 63736
53.7 63741
53.7 63736
53.7 63740
53.7 63736
53.7 63740
53.7 63737
53.7 63741
53.7 63741
53.7 63741
53.7 63737
53.7 63742
53.7 63741
53.7 63741
53.7 63741
53.7 63741
53.7 63741
53.7 63736
53.7 63737
53.7 63736
53.7 63736
53.7 63741
57.5_10 63760
57.5_10 63755
57.5_10 63761
57.5_10 63757
57.5_10 63756
57.5_10 63760
57.5_10 63756
57.5_10 63756
57.5_10 63760
57.5_10 63756
57.5_10 63761
57.5_10 63761
57.5_10 63761
57.5_10 63756
57.5_10 63756
57.5_10 63761
57.5_10 63756
57.5_10 63757
57.5_10 63756
57.5_10 63761
57.5_10 63757
57.5_10 63756
57.5_10 63756
57.5_10 63757
57.5_10 63756
57.5_10 63756
57.5_10 63758
57.5_10 63756
57.5_10 63757
57.5_10 63757
57.5_10 63756
57.5_10 63761
58.8 63766
58.8 63766
58.8 63766
58.8 63766
58.8 63770
58.8 63766
58.8 63770
58.8 63768
58.8 63771
58.8 63766
58.8 63766
58.8 63767
58.8 63771
58.8 63766
58.8 63770
58.8 63766
58.8 63766
58.8 63770
58.8 63770
58.8 63766
58.8 63766
58.8 63766
58.8 63771
58.8 63770
58.8 63766
58.8 63771
58.8 63771
58.8 63766
58.8 63766
58.8 63766
58.8 63771
58.8 63767
62.6_10 63789
62.6_10 63785
62.6_10 63789
62.6_10 63788
62.6_10 63785
62.6_10 63789
62.6_10 63787
62.6_10 63790
62.6_10 63787
62.6_10 63790
62.6_10 63785
62.6_10 63785
62.6_10 63785
62.6_10 63789
62.6_10 63789
62.6_10 63789
62.6_10 63789
62.6_10 63789
62.6_10 63789
62.6_10 63789
62.6_10 63785
62.6_10 63786
62.6_10 63788
62.6_10 63785
62.6_10 63786
62.6_10 63786
62.6_10 63790
62.6_10 63788
62.6_10 63785
62.6_10 63785
62.6_10 63790
62.6_10 63785
63.8 63796
63.8 63794
63.8 63798
63.8 63794
63.8 63798
63.8 63794
63.8 63799
63.8 63794
63.8 63799
63.8 63794
63.8 63794
63.8 63798
63.8 63796
63.8 63798
63.8 63798
63.8 63796
63.8 63794
63.8 63798
63.8 63794
63.8 63794
63.8 63799
63.8 63798
63.8 63794
63.8 63795
63.8 63794
63.8 63794
63.8 63797
63.8 63798
63.8 63794
63.8 63794
63.8 63794
63.8 63794
67.6_10 63812
67.6_10 63812
67.6_10 63816
67.6_10 63816
67.6_10 63812
67.6_10 63814
67.6_10 63812
67.6_10 63816
67.6_10 63816
67.6_10 63816
67.6_10 63812
67.6_10 63815
67.6_10 63812
67.6_10 63816
67.6_10 63816
67.6_10 63812
67.6_10 63812
67.6_10 63812
67.6_10 63812
67.6_10 63815
67.6_10 63812
67.6_10 63817
67.6_10 63813
67.6_10 63816
67.6_10 63815
67.6_10 63816
67.6_10 63816
67.6_10 63816
67.6_10 63816
67.6_10 63812
67.6_10 63816
67.6_10 63812
68.7 63825
68.7 63824
68.7 63825
68.7 63821
68.7 63825
68.7 63821
68.7 63820
68.7 63825
68.7 63821
68.7 63822
68.7 63824
68.7 63820
68.7 63821
68.7 63823
68.7 63821
68.7 63822
68.7 63821
68.7 63820
68.7 63821
68.7 63822
68.7 63825
68.7 63825
68.7 63821
68.7 63822
68.7 63822
68.7 63825
68.7 63825
68.7 63825
68.7 63821
68.7 63825
68.7 63825
68.7 63820
72.7_10 63843
72.7_10 63843
72.7_10 63842
72.7_10 63842
72.7_10 63839
72.7_10 63839
72.7_10 63842
72.7_10 63840
72.7_10 63842
72.7_10 63843
72.7_10 63843
72.7_10 63843
72.7_10 63843
72.7_10 63839
72.7_10 63839
72.7_10 63839
72.7_10 63839
72.7_10 63839
72.7_10 63839
72.7_10 63840
72.7_10 63843
72.7_10 63843
72.7_10 63843
72.7_10 63843
72.7_10 63843
72.7_10 63839
72.7_10 63840
72.7_10 63843
72.7_10 63842
72.7_10 63840
72.7_10 63842
72.7_10 63840
73.8 63850
73.8 63851
73.8 63847
73.8 63850
73.8 63847
73.8 63851
73.8 63851
73.8 63850
73.8 63846
73.8 63850
73.8 63846
73.8 63850
73.8 63850
73.8 63846
73.8 63847
73.8 63846
73.8 63847
73.8 63847
73.8 63850
73.8 63846
73.8 63846
73.8 63851
73.8 63846
73.8 63847
73.8 63851
73.8 63847
73.8 63846
73.8 63847
73.8 63851
73.8 63846
73.8 63850
73.8 63846
77.6_10 63867
77.6_10 63867
77.6_10 63867
77.6_10 63865
77.6_10 63863
77.6_10 63864
77.6_10 63868
77.6_10 63864
77.6_10 63863
77.6_10 63867
77.6_10 63864
77.6_10 63868
77.6_10 63867
77.6_10 63867
77.6_10 63867
77.6_10 63867
77.6_10 63868
77.6_10 63864
77.6_10 63868
77.6_10 63868
77.6_10 63868
77.6_10 63867
77.6_10 63863
77.6_10 63864
77.6_10 63867
77.6_10 63867
77.6_10 63864
77.6_10 63868
77.6_10 63864
77.6_10 63868
77.6_10 63867
77.6_10 63868
78.7 63874
78.7 63871
78.7 63874
78.7 63874
78.7 63875
78.7 63875
78.7 63874
78.7 63874
78.7 63875
78.7 63872
78.7 63873
78.7 63871
78.7 63875
78.7 63871
78.7 63871
78.7 63871
78.7 63871
78.7 63870
78.7 63871
78.7 63871
78.7 63871
78.7 63875
78.7 63872
78.7 63871
78.7 63875
78.7 63871
78.7 63875
78.7 63875
78.7 63874
78.7 63872
78.7 63871
78.7 63871
82.9_10 63893
82.9_10 63890
82.9_10 63893
82.9_10 63889
82.9_10 63894
82.9_10 63890
82.9_10 63889
82.9_10 63891
82.9_10 63890
82.9_10 63894
82.9_10 63893
82.9_10 63894
82.9_10 63890
82.9_10 63891
82.9_10 63890
82.9_10 63894
82.9_10 63894
82.9_10 63894
82.9_10 63894
82.9_10 63894
82.9_10 63893
82.9_10 63892
82.9_10 63890
82.9_10 63890
82.9_10 63890
82.9_10 63889
82.9_10 63890
82.9_10 63890
82.9_10 63890
82.9_10 63894
82.9_10 63894
82.9_10 63890
83.6 63898
83.6 63894
83.6 63894
83.6 63894
83.6 63894
83.6 63894
83.6 63894
83.6 63898
83.6 63898
83.6 63895
83.6 63894
83.6 63898
83.6 63898
83.6 63894
83.6 63898
83.6 63894
83.6 63895
83.6 63898
83.6 63898
83.6 63894
83.6 63898
83.6 63897
83.6 63898
83.6 63898
83.6 63899
83.6 63897
83.6 63895
83.6 63894
83.6 63897
83.6 63898
83.6 63897
83.6 63894
87.4_10 63913
87.4_10 63913
87.4_10 63913
87.4_10 63910
87.4_10 63913
87.4_10 63914
87.4_10 63913
87.4_10 63913
87.4_10 63910
87.4_10 63910
87.4_10 63912
87.4_10 63912
87.4_10 63913
87.4_10 63910
87.4_10 63910
87.4_10 63910
87.4_10 63913
87.4_10 63910
87.4_10 63910
87.4_10 63914
87.4_10 63910
87.4_10 63914
87.4_10 63910
87.4_10 63909
87.4_10 63910
87.4_10 63914
87.4_10 63914
87.4_10 63913
87.4_10 63914
87.4_10 63910
87.4_10 63914
87.4_10 63911
88.6 63917
88.6 63917
88.6 63920
88.6 63920
88.6 63916
88.6 63921
88.6 63920
88.6 63920
88.6 63917
88.6 63920
88.6 63917
88.6 63921
88.6 63916
88.6 63921
88.6 63917
88.6 63917
88.6 63921
88.6 63916
88.6 63920
88.6 63920
88.6 63920
88.6 63920
88.6 63917
88.6 63917
88.6 63917
88.6 63917
88.6 63917
88.6 63916
88.6 63916
88.6 63921
88.6 63917
88.6 63917
92.3_10 63932
92.3_10 63931
92.3_10 63934
92.3_10 63935
92.3_10 63932
92.3_10 63935
92.3_10 63932
92.3_10 63931
92.3_10 63932
92.3_10 63935
92.3_10 63935
92.3_10 63933
92.3_10 63935
92.3_10 63935
92.3_10 63932
92.3_10 63934
92.3_10 63935
92.3_10 63935
92.3_10 63931
92.3_10 63935
92.3_10 63935
92.3_10 63932
92.3_10 63933
92.3_10 63932
92.3_10 63932
92.3_10 63932
92.3_10 63932
92.3_10 63936
92.3_10 63932
92.3_10 63932
92.3_10 63931
92.3_10 63932
93.4 63942
93.4 63940
93.4 63939
93.4 63938
93.4 63938
93.4 63942
93.4 63938
93.4 63939
93.4 63938
93.4 63942
93.4 63939
93.4 63939
93.4 63942
93.4 63942
93.4 63941
93.4 63938
93.4 63939
93.4 63939
93.4 63939
93.4 63938
93.4 63942
93.4 63938
93.4 63939
93.4 63942
93.4 63942
93.4 63939
93.4 63942
93.4 63940
93.4 63938
93.4 63939
93.4 63942
93.4 63940
97.1_10 63952
97.1_10 63955
97.1_10 63952
97.1_10 63953
97.1_10 63955
97.1_10 63955
97.1_10 63956
97.1_10 63955
97.1_10 63956
97.1_10 63955
97.1_10 63952
97.1_10 63955
97.1_10 63954
97.1_10 63952
97.1_10 63955
97.1_10 63954
97.1_10 63952
97.1_10 63956
97.1_10 63956
97.1_10 63955
97.1_10 63956
97.1_10 63953
97.1_10 63953
97.1_10 63953
97.1_10 63952
97.1_10 63953
97.1_10 63953
97.1_10 63952
97.1_10 63953
97.1_10 63956
97.1_10 63953
97.1_10 63953
98.3 63962
98.3 63959
98.3 63962
98.3 63961
98.3 63962
98.3 63962
98.3 63962
98.3 63961
98.3 63959
98.3 63963
98.3 63962
98.3 63963
98.3 63963
98.3 63959
98.3 63962
98.3 63959
98.3 63962
98.3 63959
98.3 63959
98.3 63959
98.3 63963
98.3 63960
98.3 63959
98.3 63961
98.3 63962
98.3 63963
98.3 63963
98.3 63959
98.3 63963
98.3 63959
98.3 63960
98.3 63962
102.1_10 63973
102.1_10 63976
102.1_10 63973
102.1_10 63973
102.1_10 63975
102.1_10 63973
102.1_10 63973
102.1_10 63973
102.1_10 63976
102.1_10 63976
102.1_10 63973
102.1_10 63975
102.1_10 63973
102.1_10 63972
102.1_10 63973
102.1_10 63972
102.1_10 63976
102.1_10 63976
102.1_10 63974
102.1_10 63972
102.1_10 63975
102.1_10 63976
102.1_10 63973
102.1_10 63973
102.1_10 63976
102.1_10 63974
102.1_10 63975
102.1_10 63973
102.1_10 63973
102.1_10 63973
102.1_10 63973
102.1_10 63976
103.3 63979
103.3 63979
103.3 63979
103.3 63982
103.3 63979
103.3 63979
103.3 63979
103.3 63979
103.3 63981
103.3 63982
103.3 63979
103.3 63983
103.3 63982
103.3 63983
103.3 63979
103.3 63983
103.3 63979
103.3 63979
103.3 63979
103.3 63982
103.3 63982
103.3 63979
103.3 63979
103.3 63982
103.3 63983
103.3 63982
103.3 63979
103.3 63979
103.3 63979
103.3 63979
103.3 63979
103.3 63980
106.9_10 63995
106.9_10 63991
106.9_10 63994
106.9_10 63994
106.9_10 63995
106.9_10 63994
106.9_10 63995
106.9_10 63994
106.9_10 63991
106.9_10 63993
106.9_10 63991
106.9_10 63991
106.9_10 63991
106.9_10 63992
106.9_10 63991
106.9_10 63991
106.9_10 63991
106.9_10 63991
106.9_10 63994
106.9_10 63991
106.9_10 63991
106.9_10 63993
106.9_10 63991
106.9_10 63991
106.9_10 63994
106.9_10 63993
106.9_10 63994
106.9_10 63991
106.9_10 63991
106.9_10 63991
106.9_10 63991
106.9_10 63991
108.1 63997
108.1 64000
108.1 64000
108.1 64000
108.1 63999
108.1 64000
108.1 64000
108.1 64000
108.1 63997
108.1 64000
108.1 64000
108.1 63998
108.1 64000
108.1 63998
108.1 64001
108.1 63998
108.1 63999
108.1 64000
108.1 63998
108.1 63998
108.1 63997
108.1 63997
108.1 63997
108.1 63999
108.1 63998
108.1 64001
108.1 63997
108.1 63997
108.1 63997
108.1 64000
108.1 64000
108.1 63997
111.8_10 64010
111.8_10 64009
111.8_10 64012
111.8_10 64009
111.8_10 64010
111.8_10 64012
111.8_10 64013
111.8_10 64013
111.8_10 64012
111.8_10 64013
111.8_10 64013
111.8_10 64013
111.8_10 64010
111.8_10 64010
111.8_10 64013
111.8_10 64013
111.8_10 64010
111.8_10 64013
111.8_10 64010
111.8_10 64012
111.8_10 64010
111.8_10 64010
111.8_10 64010
111.8_10 64013
111.8_10 64010
111.8_10 64010
111.8_10 64012
111.8_10 64011
111.8_10 64010
111.8_10 64012
111.8_10 64010
111.8_10 64010
113.1 64016
113.1 64019
113.1 64016
113.1 64016
113.1 64016
113.1 64016
113.1 64016
113.1 64016
113.1 64018
113.1 64019
113.1 64016
113.1 64019
113.1 64016
113.1 64019
113.1 64017
113.1 64019
113.1 64016
113.1 64019
113.1 64015
113.1 64016
113.1 64016
113.1 64019
113.1 64019
113.1 64015
113.1 64019
113.1 64016
113.1 64019
113.1 64016
113.1 64019
113.1 64015
113.1 64016
113.1 64019
124.9 64057
124.9 64060
124.9 64059
124.9 64059
124.9 64060
124.9 64059
124.9 64057
124.9 64057
124.9 64057
124.9 64057
124.9 64057
124.9 64059
124.9 64058
124.9 64059
124.9 64057
124.9 64059
124.9 64059
124.9 64059
124.9 64059
124.9 64060
124.9 64057
124.9 64060
124.9 64057
124.9 64060
124.9 64060
124.9 64059
124.9 64060
124.9 64057
124.9 64057
124.9 64058
124.9 64060
124.9 64060
