-59.2 62530
-59.2 62533
-59.2 62533
-59.2 62532
-59.2 62532
-59.2 62533
-59.2 62530
-59.2 62533
-59.2 62533
-59.2 62532
-59.2 62531
-59.2 62531
-59.2 62533
-59.2 62530
-59.2 62533
-59.2 62530
-59.2 62533
-59.2 62533
-59.2 62534
-59.2 62533
-59.2 62533
-59.2 62530
-59.2 62533
-59.2 62531
-59.2 62533
-59.2 62532
-59.2 62532
-59.2 62530
-59.2 62530
-59.2 62533
-59.2 62531
-59.2 62530
-59.2 62530
-59.2 62527
-59.2 62530
-59.2 62528
-59.2 62531
-59.2 62531
-59.2 62531
-59.2 62531
-59.2 62527
-59.2 62530
-59.2 62528
-59.2 62531
-59.2 62529
-59.2 62531
-59.2 62530
-59.2 62530
-59.2 62532
-59.2 62530
-59.2 62528
-59.2 62529
-59.2 62529
-59.2 62532
-59.2 62529
-59.2 62532
-59.2 62532
-59.2 62529
-59.2 62532
-59.2 62533
-59.2 62532
-59.2 62529
-59.2 62532
-59.2 62528
-52.1_10 62640
-52.1_10 62639
-52.1_10 62642
-52.1_10 62640
-52.1_10 62642
-52.1_10 62642
-52.1_10 62643
-52.1_10 62640
-52.1_10 62640
-52.1_10 62639
-52.1_10 62642
-52.1_10 62639
-52.1_10 62639
-52.1_10 62639
-52.1_10 62639
-52.1_10 62642
-52.1_10 62640
-52.1_10 62639
-52.1_10 62638
-52.1_10 62642
-52.1_10 62640
-52.1_10 62639
-52.1_10 62639
-52.1_10 62639
-52.1_10 62639
-52.1_10 62638
-52.1_10 62641
-52.1_10 62639
-52.1_10 62639
-52.1_10 62639
-52.1_10 62639
-52.1_10 62641
-52.1 62633
-52.1 62635
-52.1 62633
-52.1 62631
-52.1 62633
-52.1 62632
-52.1 62634
-52.1 62632
-52.1 62632
-52.1 62632
-52.1 62633
-52.1 62635
-52.1 62635
-52.1 62634
-52.1 62632
-52.1 62635
-52.1 62634
-52.1 62634
-52.1 62634
-52.1 62635
-52.1 62632
-52.1 62635
-52.1 62635
-52.1 62634
-52.1 62631
-52.1 62635
-52.1 62633
-52.1 62632
-52.1 62635
-52.1 62632
-52.1 62635
-52.1 62634
-47.4_10 62689
-47.4_10 62688
-47.4_10 62690
-47.4_10 62686
-47.4_10 62687
-47.4_10 62689
-47.4_10 62687
-47.4_10 62686
-47.4_10 62687
-47.4_10 62686
-47.4_10 62687
-47.4_10 62687
-47.4_10 62688
-47.4_10 62687
-47.4_10 62688
-47.4_10 62690
-47.4_10 62688
-47.4_10 62688
-47.4_10 62689
-47.4_10 62690
-47.4_10 62687
-47.4_10 62687
-47.4_10 62688
-47.4_10 62690
-47.4_10 62690
-47.4_10 62690
-47.4_10 62691
-47.4_10 62691
-47.4_10 62688
-47.4_10 62688
-47.4_10 62688
-47.4_10 62688
-47.3 62698
-47.3 62699
-47.3 62699
-47.3 62700
-47.3 62697
-47.3 62697
-47.3 62701
-47.3 62700
-47.3 62700
-47.3 62698
-47.3 62700
-47.3 62700
-47.3 62697
-47.3 62698
-47.3 62700
-47.3 62697
-47.3 62698
-47.3 62700
-47.3 62697
-47.3 62699
-47.3 62698
-47.3 62697
-47.3 62699
-47.3 62698
-47.3 62698
-47.3 62700
-47.3 62698
-47.3 62699
-47.3 62700
-47.3 62697
-47.3 62697
-47.3 62697
-42.6_10 62750
-42.6_10 62753
-42.6_10 62752
-42.6_10 62750
-42.6_10 62750
-42.6_10 62753
-42.6_10 62754
-42.6_10 62754
-42.6_10 62753
-42.6_10 62751
-42.6_10 62753
-42.6_10 62753
-42.6_10 62753
-42.6_10 62751
-42.6_10 62751
-42.6_10 62751
-42.6_10 62751
-42.6_10 62752
-42.6_10 62751
-42.6_10 62752
-42.6_10 62754
-42.6_10 62751
-42.6_10 62754
-42.6_10 62754
-42.6_10 62753
-42.6_10 62754
-42.6_10 62754
-42.6_10 62751
-42.6_10 62752
-42.6_10 62752
-42.6_10 62754
-42.6_10 62755
-42.3 62763
-42.3 62762
-42.3 62762
-42.3 62763
-42.3 62762
-42.3 62762
-42.3 62762
-42.3 62765
-42.3 62764
-42.3 62762
-42.3 62762
-42.3 62762
-42.3 62764
-42.3 62764
-42.3 62761
-42.3 62764
-42.3 62762
-42.3 62764
-42.3 62762
-42.3 62764
-42.3 62761
-42.3 62761
-42.3 62761
-42.3 62765
-42.3 62762
-42.3 62764
-42.3 62764
-42.3 62763
-42.3 62761
-42.3 62764
-42.3 62764
-42.3 62762
-37.6_10 62814
-37.6_10 62814
-37.6_10 62817
-37.6_10 62817
-37.6_10 62813
-37.6_10 62816
-37.6_10 62816
-37.6_10 62816
-37.6_10 62817
-37.6_10 62814
-37.6_10 62816
-37.6_10 62816
-37.6_10 62815
-37.6_10 62814
-37.6_10 62813
-37.6_10 62814
-37.6_10 62817
-37.6_10 62815
-37.6_10 62817
-37.6_10 62817
-37.6_10 62816
-37.6_10 62814
-37.6_10 62814
-37.6_10 62817
-37.6_10 62815
-37.6_10 62816
-37.6_10 62815
-37.6_10 62817
-37.6_10 62817
-37.6_10 62814
-37.6_10 62817
-37.6_10 62815
-37.4 62824
-37.4 62824
-37.4 62824
-37.4 62824
-37.4 62823
-37.4 62823
-37.4 62825
-37.4 62825
-37.4 62826
-37.4 62825
-37.4 62822
-37.4 62826
-37.4 62825
-37.4 62825
-37.4 62825
-37.4 62823
-37.4 62824
-37.4 62823
-37.4 62826
-37.4 62822
-37.4 62826
-37.4 62823
-37.4 62823
-37.4 62823
-37.4 62825
-37.4 62825
-37.4 62825
-37.4 62823
-37.4 62823
-37.4 62826
-37.4 62824
-37.4 62824
-32.7_10 62873
-32.7_10 62873
-32.7_10 62871
-32.7_10 62872
-32.7_10 62873
-32.7_10 62873
-32.7_10 62871
-32.7_10 62871
-32.7_10 62873
-32.7_10 62873
-32.7_10 62871
-32.7_10 62872
-32.7_10 62874
-32.7_10 62873
-32.7_10 62871
-32.7_10 62872
-32.7_10 62874
-32.7_10 62871
-32.7_10 62871
-32.7_10 62871
-32.7_10 62871
-32.7_10 62874
-32.7_10 62873
-32.7_10 62872
-32.7_10 62872
-32.7_10 62872
-32.7_10 62874
-32.7_10 62871
-32.7_10 62873
-32.7_10 62873
-32.7_10 62872
-32.7_10 62871
-32.4 62884
-32.4 62882
-32.4 62884
-32.4 62881
-32.4 62884
-32.4 62881
-32.4 62881
-32.4 62883
-32.4 62881
-32.4 62881
-32.4 62882
-32.4 62881
-32.4 62883
-32.4 62884
-32.4 62880
-32.4 62881
-32.4 62882
-32.4 62884
-32.4 62881
-32.4 62883
-32.4 62881
-32.4 62884
-32.4 62881
-32.4 62884
-32.4 62883
-32.4 62882
-32.4 62884
-32.4 62881
-32.4 62881
-32.4 62883
-32.4 62881
-32.4 62884
-27.8_10 62928
-27.8_10 62928
-27.8_10 62929
-27.8_10 62927
-27.8_10 62927
-27.8_10 62926
-27.8_10 62928
-27.8_10 62929
-27.8_10 62929
-27.8_10 62930
-27.8_10 62926
-27.8_10 62926
-27.8_10 62929
-27.8_10 62927
-27.8_10 62929
-27.8_10 62929
-27.8_10 62930
-27.8_10 62929
-27.8_10 62929
-27.8_10 62927
-27.8_10 62926
-27.8_10 62927
-27.8_10 62926
-27.8_10 62929
-27.8_10 62927
-27.8_10 62929
-27.8_10 62929
-27.8_10 62929
-27.8_10 62929
-27.8_10 62927
-27.8_10 62929
-27.8_10 62927
-27.5 62939
-27.5 62937
-27.5 62937
-27.5 62938
-27.5 62935
-27.5 62936
-27.5 62936
-27.5 62937
-27.5 62938
-27.5 62936
-27.5 62938
-27.5 62936
-27.5 62937
-27.5 62938
-27.5 62935
-27.5 62938
-27.5 62936
-27.5 62938
-27.5 62937
-27.5 62938
-27.5 62935
-27.5 62938
-27.5 62938
-27.5 62938
-27.5 62935
-27.5 62936
-27.5 62936
-27.5 62937
-27.5 62937
-27.5 62936
-27.5 62936
-27.5 62936
-23.3_10 62977
-23.3_10 62979
-23.3_10 62977
-23.3_10 62976
-23.3_10 62976
-23.3_10 62978
-23.3_10 62979
-23.3_10 62976
-23.3_10 62976
-23.3_10 62976
-23.3_10 62978
-23.3_10 62977
-23.3_10 62977
-23.3_10 62979
-23.3_10 62979
-23.3_10 62977
-23.3_10 62978
-23.3_10 62979
-23.3_10 62978
-23.3_10 62979
-23.3_10 62978
-23.3_10 62977
-23.3_10 62979
-23.3_10 62979
-23.3_10 62976
-23.3_10 62979
-23.3_10 62979
-23.3_10 62977
-23.3_10 62977
-23.3_10 62977
-23.3_10 62977
-23.3_10 62979
-23.1 62987
-23.1 62986
-23.1 62985
-23.1 62987
-23.1 62986
-23.1 62987
-23.1 62985
-23.1 62984
-23.1 62985
-23.1 62986
-23.1 62987
-23.1 62985
-23.1 62986
-23.1 62987
-23.1 62984
-23.1 62985
-23.1 62986
-23.1 62987
-23.1 62984
-23.1 62985
-23.1 62985
-23.1 62986
-23.1 62986
-23.1 62984
-23.1 62986
-23.1 62987
-23.1 62986
-23.1 62986
-23.1 62984
-23.1 62986
-23.1 62985
-23.1 62986
-18.8_10 63026
-18.8_10 63027
-18.8_10 63027
-18.8_10 63024
-18.8_10 63027
-18.8_10 63024
-18.8_10 63025
-18.8_10 63025
-18.8_10 63027
-18.8_10 63025
-18.8_10 63027
-18.8_10 63025
-18.8_10 63024
-18.8_10 63025
-18.8_10 63025
-18.8_10 63025
-18.8_10 63027
-18.8_10 63025
-18.8_10 63025
-18.8_10 63025
-18.8_10 63024
-18.8_10 63025
-18.8_10 63025
-18.8_10 63025
-18.8_10 63027
-18.8_10 63027
-18.8_10 63025
-18.8_10 63027
-18.8_10 63026
-18.8_10 63027
-18.8_10 63027
-18.8_10 63027
-18.6 63033
-18.6 63032
-18.6 63034
-18.6 63032
-18.6 63032
-18.6 63032
-18.6 63032
-18.6 63032
-18.6 63034
-18.6 63033
-18.6 63031
-18.6 63032
-18.6 63031
-18.6 63033
-18.6 63032
-18.6 63033
-18.6 63031
-18.6 63034
-18.6 63034
-18.6 63034
-18.6 63032
-18.6 63032
-18.6 63032
-18.6 63032
-18.6 63031
-18.6 63033
-18.6 63032
-18.6 63031
-18.6 63033
-18.6 63034
-18.6 63033
-18.6 63033
-14.3_10 63070
-14.3_10 63069
-14.3_10 63071
-14.3_10 63072
-14.3_10 63069
-14.3_10 63069
-14.3_10 63072
-14.3_10 63069
-14.3_10 63071
-14.3_10 63071
-14.3_10 63071
-14.3_10 63069
-14.3_10 63069
-14.3_10 63069
-14.3_10 63071
-14.3_10 63069
-14.3_10 63070
-14.3_10 63071
-14.3_10 63072
-14.3_10 63070
-14.3_10 63069
-14.3_10 63071
-14.3_10 63070
-14.3_10 63070
-14.3_10 63070
-14.3_10 63072
-14.3_10 63069
-14.3_10 63070
-14.3_10 63070
-14.3_10 63072
-14.3_10 63070
-14.3_10 63071
-13.9 63081
-13.9 63082
-13.9 63081
-13.9 63081
-13.9 63082
-13.9 63080
-13.9 63081
-13.9 63080
-13.9 63081
-13.9 63080
-13.9 63080
-13.9 63082
-13.9 63080
-13.9 63082
-13.9 63081
-13.9 63080
-13.9 63082
-13.9 63080
-13.9 63081
-13.9 63079
-13.9 63080
-13.9 63081
-13.9 63082
-13.9 63081
-13.9 63082
-13.9 63082
-13.9 63082
-13.9 63080
-13.9 63080
-13.9 63082
-13.9 63080
-13.9 63081
-9.6_10 63116
-9.6_10 63115
-9.6_10 63117
-9.6_10 63114
-9.6_10 63116
-9.6_10 63115
-9.6_10 63117
-9.6_10 63115
-9.6_10 63117
-9.6_10 63116
-9.6_10 63115
-9.6_10 63115
-9.6_10 63115
-9.6_10 63115
-9.6_10 63117
-9.6_10 63115
-9.6_10 63117
-9.6_10 63118
-9.6_10 63117
-9.6_10 63117
-9.6_10 63117
-9.6_10 63117
-9.6_10 63117
-9.6_10 63117
-9.6_10 63118
-9.6_10 63117
-9.6_10 63117
-9.6_10 63117
-9.6_10 63118
-9.6_10 63116
-9.6_10 63118
-9.6_10 63117
-9.3 63127
-9.3 63125
-9.3 63125
-9.3 63126
-9.3 63125
-9.3 63127
-9.3 63124
-9.3 63127
-9.3 63127
-9.3 63127
-9.3 63125
-9.3 63124
-9.3 63124
-9.3 63126
-9.3 63127
-9.3 63126
-9.3 63124
-9.3 63127
-9.3 63127
-9.3 63124
-9.3 63124
-9.3 63127
-9.3 63124
-9.3 63127
-9.3 63124
-9.3 63127
-9.3 63126
-9.3 63125
-9.3 63124
-9.3 63125
-9.3 63127
-9.3 63127
-4.9_10 63161
-4.9_10 63158
-4.9_10 63160
-4.9_10 63159
-4.9_10 63157
-4.9_10 63160
-4.9_10 63158
-4.9_10 63161
-4.9_10 63159
-4.9_10 63161
-4.9_10 63158
-4.9_10 63160
-4.9_10 63160
-4.9_10 63158
-4.9_10 63160
-4.9_10 63161
-4.9_10 63158
-4.9_10 63160
-4.9_10 63159
-4.9_10 63160
-4.9_10 63160
-4.9_10 63159
-4.9_10 63161
-4.9_10 63161
-4.9_10 63160
-4.9_10 63159
-4.9_10 63159
-4.9_10 63160
-4.9_10 63159
-4.9_10 63159
-4.9_10 63159
-4.9_10 63158
-4.4 63171
-4.4 63170
-4.4 63169
-4.4 63169
-4.4 63172
-4.4 63172
-4.4 63170
-4.4 63170
-4.4 63170
-4.4 63170
-4.4 63170
-4.4 63172
-4.4 63169
-4.4 63172
-4.4 63170
-4.4 63169
-4.4 63171
-4.4 63169
-4.4 63169
-4.4 63169
-4.4 63169
-4.4 63171
-4.4 63171
-4.4 63169
-4.4 63171
-4.4 63171
-4.4 63171
-4.4 63171
-4.4 63170
-4.4 63172
-4.4 63171
-4.4 63171
-0.1_10 63205
-0.1_10 63204
-0.1_10 63203
-0.1_10 63204
-0.1_10 63205
-0.1_10 63202
-0.1_10 63202
-0.1_10 63205
-0.1_10 63202
-0.1_10 63205
-0.1_10 63204
-0.1_10 63205
-0.1_10 63203
-0.1_10 63203
-0.1_10 63205
-0.1_10 63203
-0.1_10 63202
-0.1_10 63204
-0.1_10 63203
-0.1_10 63203
-0.1_10 63203
-0.1_10 63202
-0.1_10 63203
-0.1_10 63205
-0.1_10 63205
-0.1_10 63205
-0.1_10 63206
-0.1_10 63203
-0.1_10 63203
-0.1_10 63206
-0.1_10 63205
-0.1_10 63203
0.3 63212
0.3 63213
0.3 63214
0.3 63213
0.3 63213
0.3 63212
0.3 63212
0.3 63212
0.3 63213
0.3 63213
0.3 63212
0.3 63211
0.3 63213
0.3 63212
0.3 63214
0.3 63212
0.3 63213
0.3 63211
0.3 63212
0.3 63211
0.3 63212
0.3 63212
0.3 63211
0.3 63214
0.3 63213
0.3 63212
0.3 63212
0.3 63214
0.3 63211
0.3 63214
0.3 63213
0.3 63214
4.6_10 63247
4.6_10 63245
4.6_10 63246
4.6_10 63245
4.6_10 63245
4.6_10 63247
4.6_10 63245
4.6_10 63245
4.6_10 63247
4.6_10 63247
4.6_10 63245
4.6_10 63245
4.6_10 63247
4.6_10 63246
4.6_10 63246
4.6_10 63248
4.6_10 63248
4.6_10 63246
4.6_10 63247
4.6_10 63248
4.6_10 63246
4.6_10 63247
4.6_10 63247
4.6_10 63246
4.6_10 63246
4.6_10 63246
4.6_10 63248
4.6_10 63247
4.6_10 63246
4.6_10 63247
4.6_10 63246
4.6_10 63246
5.1 63259
5.1 63257
5.1 63257
5.1 63259
5.1 63259
5.1 63259
5.1 63259
5.1 63258
5.1 63258
5.1 63257
5.1 63258
5.1 63258
5.1 63257
5.1 63257
5.1 63257
5.1 63259
5.1 63259
5.1 63259
5.1 63258
5.1 63259
5.1 63258
5.1 63257
5.1 63257
5.1 63257
5.1 63257
5.1 63259
5.1 63259
5.1 63257
5.1 63259
5.1 63257
5.1 63257
5.1 63257
9.4_10 63294
9.4_10 63291
9.4_10 63290
9.4_10 63292
9.4_10 63290
9.4_10 63291
9.4_10 63291
9.4_10 63291
9.4_10 63292
9.4_10 63291
9.4_10 63292
9.4_10 63293
9.4_10 63291
9.4_10 63291
9.4_10 63293
9.4_10 63291
9.4_10 63290
9.4_10 63291
9.4_10 63291
9.4_10 63292
9.4_10 63291
9.4_10 63291
9.4_10 63292
9.4_10 63292
9.4_10 63292
9.4_10 63291
9.4_10 63291
9.4_10 63291
9.4_10 63293
9.4_10 63292
9.4_10 63290
9.4_10 63291
9.9 63304
9.9 63301
9.9 63302
9.9 63300
9.9 63301
9.9 63303
9.9 63301
9.9 63303
9.9 63303
9.9 63301
9.9 63302
9.9 63303
9.9 63301
9.9 63303
9.9 63302
9.9 63300
9.9 63302
9.9 63302
9.9 63303
9.9 63301
9.9 63303
9.9 63300
9.9 63301
9.9 63301
9.9 63301
9.9 63301
9.9 63302
9.9 63303
9.9 63303
9.9 63303
9.9 63303
9.9 63301
13.9_10 63333
13.9_10 63329
13.9_10 63330
13.9_10 63329
13.9_10 63328
13.9_10 63327
13.9_10 63328
13.9_10 63331
13.9_10 63329
13.9_10 63330
13.9_10 63330
13.9_10 63329
13.9_10 63331
13.9_10 63329
13.9_10 63330
13.9_10 63330
13.9_10 63330
13.9_10 63331
13.9_10 63331
13.9_10 63328
13.9_10 63329
13.9_10 63329
13.9_10 63330
13.9_10 63328
13.9_10 63329
13.9_10 63328
13.9_10 63331
13.9_10 63331
13.9_10 63330
13.9_10 63331
13.9_10 63329
13.9_10 63329
14.6 63345
14.6 63345
14.6 63344
14.6 63342
14.6 63341
14.6 63341
14.6 63343
14.6 63340
14.6 63340
14.6 63343
14.6 63341
14.6 63341
14.6 63343
14.6 63342
14.6 63342
14.6 63341
14.6 63341
14.6 63340
14.6 63340
14.6 63340
14.6 63342
14.6 63343
14.6 63343
14.6 63342
14.6 63340
14.6 63341
14.6 63341
14.6 63341
14.6 63341
14.6 63341
14.6 63341
14.6 63342
19.1_10 63380
19.1_10 63377
19.1_10 63377
19.1_10 63379
19.1_10 63380
19.1_10 63377
19.1_10 63378
19.1_10 63380
19.1_10 63378
19.1_10 63380
19.1_10 63380
19.1_10 63378
19.1_10 63379
19.1_10 63379
19.1_10 63378
19.1_10 63378
19.1_10 63378
19.1_10 63378
19.1_10 63380
19.1_10 63380
19.1_10 63380
19.1_10 63379
19.1_10 63380
19.1_10 63379
19.1_10 63381
19.1_10 63379
19.1_10 63379
19.1_10 63380
19.1_10 63378
19.1_10 63379
19.1_10 63379
19.1_10 63380
19.6 63388
19.6 63385
19.6 63386
19.6 63386
19.6 63388
19.6 63387
19.6 63386
19.6 63386
19.6 63387
19.6 63386
19.6 63386
19.6 63385
19.6 63386
19.6 63388
19.6 63387
19.6 63386
19.6 63386
19.6 63387
19.6 63387
19.6 63387
19.6 63386
19.6 63388
19.6 63388
19.6 63387
19.6 63388
19.6 63386
19.6 63387
19.6 63387
19.6 63386
19.6 63388
19.6 63386
19.6 63386
23.7_10 63416
23.7_10 63415
23.7_10 63417
23.7_10 63414
23.7_10 63415
23.7_10 63417
23.7_10 63416
23.7_10 63416
23.7_10 63416
23.7_10 63417
23.7_10 63416
23.7_10 63415
23.7_10 63415
23.7_10 63416
23.7_10 63415
23.7_10 63416
23.7_10 63417
23.7_10 63415
23.7_10 63415
23.7_10 63415
23.7_10 63415
23.7_10 63417
23.7_10 63415
23.7_10 63416
23.7_10 63415
23.7_10 63417
23.7_10 63415
23.7_10 63417
23.7_10 63415
23.7_10 63417
23.7_10 63415
23.7_10 63416
24.4 63425
24.4 63426
24.4 63426
24.4 63425
24.4 63424
24.4 63425
24.4 63424
24.4 63425
24.4 63427
24.4 63425
24.4 63426
24.4 63425
24.4 63426
24.4 63426
24.4 63427
24.4 63426
24.4 63426
24.4 63426
24.4 63426
24.4 63427
24.4 63425
24.4 63425
24.4 63426
24.4 63427
24.4 63425
24.4 63425
24.4 63426
24.4 63425
24.4 63426
24.4 63426
24.4 63427
24.4 63427
27.8_10 63443
27.8_10 63443
27.8_10 63444
27.8_10 63444
27.8_10 63445
27.8_10 63444
27.8_10 63444
27.8_10 63445
27.8_10 63443
27.8_10 63445
27.8_10 63445
27.8_10 63444
27.8_10 63444
27.8_10 63446
27.8_10 63444
27.8_10 63444
27.8_10 63445
27.8_10 63445
27.8_10 63444
27.8_10 63445
27.8_10 63445
27.8_10 63444
27.8_10 63444
27.8_10 63444
27.8_10 63444
27.8_10 63444
27.8_10 63444
27.8_10 63445
27.8_10 63443
27.8_10 63444
27.8_10 63446
27.8_10 63444
28.8 63456
28.8 63456
28.8 63456
28.8 63456
28.8 63455
28.8 63456
28.8 63455
28.8 63456
28.8 63455
28.8 63455
28.8 63455
28.8 63457
28.8 63457
28.8 63456
28.8 63454
28.8 63454
28.8 63457
28.8 63457
28.8 63457
28.8 63456
28.8 63455
28.8 63457
28.8 63456
28.8 63455
28.8 63455
28.8 63456
28.8 63455
28.8 63457
28.8 63456
28.8 63456
28.8 63455
28.8 63457
32.8_10 63483
32.8_10 63483
32.8_10 63485
32.8_10 63484
32.8_10 63484
32.8_10 63485
32.8_10 63484
32.8_10 63484
32.8_10 63484
32.8_10 63485
32.8_10 63485
32.8_10 63486
32.8_10 63484
32.8_10 63484
32.8_10 63485
32.8_10 63484
32.8_10 63484
32.8_10 63484
32.8_10 63485
32.8_10 63484
32.8_10 63485
32.8_10 63485
32.8_10 63486
32.8_10 63486
32.8_10 63484
32.8_10 63486
32.8_10 63485
32.8_10 63485
32.8_10 63486
32.8_10 63485
32.8_10 63484
32.8_10 63484
33.8 63496
33.8 63496
33.8 63495
33.8 63496
33.8 63496
33.8 63496
33.8 63495
33.8 63497
33.8 63494
33.8 63495
33.8 63497
33.8 63496
33.8 63495
33.8 63496
33.8 63496
33.8 63497
33.8 63496
33.8 63496
33.8 63496
33.8 63495
33.8 63496
33.8 63496
33.8 63495
33.8 63497
33.8 63494
33.8 63496
33.8 63495
33.8 63496
33.8 63497
33.8 63497
33.8 63496
33.8 63496
37.7_10 63519
37.7_10 63519
37.7_10 63521
37.7_10 63521
37.7_10 63520
37.7_10 63522
37.7_10 63520
37.7_10 63520
37.7_10 63520
37.7_10 63521
37.7_10 63520
37.7_10 63521
37.7_10 63520
37.7_10 63521
37.7_10 63520
37.7_10 63522
37.7_10 63522
37.7_10 63522
37.7_10 63520
37.7_10 63520
37.7_10 63520
37.7_10 63521
37.7_10 63521
37.7_10 63522
37.7_10 63521
37.7_10 63520
37.7_10 63522
37.7_10 63522
37.7_10 63522
37.7_10 63522
37.7_10 63522
37.7_10 63520
38.7 63533
38.7 63532
38.7 63531
38.7 63533
38.7 63533
38.7 63532
38.7 63532
38.7 63532
38.7 63533
38.7 63532
38.7 63532
38.7 63533
38.7 63533
38.7 63533
38.7 63531
38.7 63533
38.7 63532
38.7 63531
38.7 63531
38.7 63533
38.7 63532
38.7 63533
38.7 63531
38.7 63532
38.7 63532
38.7 63532
38.7 63532
38.7 63532
38.7 63531
38.7 63533
38.7 63533
38.7 63533
45.8_10 63583
45.8_10 63583
45.8_10 63582
45.8_10 63583
45.8_10 63583
45.8_10 63583
45.8_10 63583
45.8_10 63582
45.8_10 63582
45.8_10 63583
45.8_10 63582
45.8_10 63584
45.8_10 63582
45.8_10 63582
45.8_10 63582
45.8_10 63583
45.8_10 63584
45.8_10 63582
45.8_10 63584
45.8_10 63584
45.8_10 63584
45.8_10 63582
45.8_10 63584
45.8_10 63582
45.8_10 63582
45.8_10 63584
45.8_10 63584
45.8_10 63582
45.8_10 63584
45.8_10 63583
45.8_10 63584
45.8_10 63583
45.8 63588
45.8 63589
45.8 63588
45.8 63588
45.8 63589
45.8 63588
45.8 63590
45.8 63590
45.8 63590
45.8 63590
45.8 63590
45.8 63589
45.8 63588
45.8 63589
45.8 63589
45.8 63589
45.8 63589
45.8 63589
45.8 63588
45.8 63588
45.8 63588
45.8 63588
45.8 63589
45.8 63589
45.8 63588
45.8 63589
45.8 63588
45.8 63589
45.8 63589
45.8 63589
45.8 63589
45.8 63590
48.9_10 63603
48.9_10 63604
48.9_10 63604
48.9_10 63603
48.9_10 63604
48.9_10 63605
48.9_10 63605
48.9_10 63605
48.9_10 63604
48.9_10 63603
48.9_10 63604
48.9_10 63603
48.9_10 63605
48.9_10 63605
48.9_10 63604
48.9_10 63605
48.9_10 63604
48.9_10 63605
48.9_10 63604
48.9_10 63604
48.9_10 63604
48.9_10 63605
48.9_10 63605
48.9_10 63603
48.9_10 63603
48.9_10 63604
48.9_10 63604
48.9_10 63604
48.9_10 63603
48.9_10 63605
48.9_10 63605
48.9_10 63603
49.3 63608
49.3 63609
49.3 63608
49.3 63609
49.3 63609
49.3 63608
49.3 63609
49.3 63609
49.3 63608
49.3 63608
49.3 63609
49.3 63608
49.3 63608
49.3 63608
49.3 63609
49.3 63607
49.3 63608
49.3 63609
49.3 63608
49.3 63608
49.3 63609
49.3 63609
49.3 63608
49.3 63608
49.3 63608
49.3 63609
49.3 63609
49.3 63609
49.3 63608
49.3 63609
49.3 63608
49.3 63609
52.8_10 63626
52.8_10 63624
52.8_10 63626
52.8_10 63625
52.8_10 63625
52.8_10 63625
52.8_10 63625
52.8_10 63626
52.8_10 63626
52.8_10 63624
52.8_10 63626
52.8_10 63626
52.8_10 63625
52.8_10 63625
52.8_10 63626
52.8_10 63626
52.8_10 63625
52.8_10 63626
52.8_10 63626
52.8_10 63626
52.8_10 63625
52.8_10 63626
52.8_10 63626
52.8_10 63626
52.8_10 63626
52.8_10 63625
52.8_10 63626
52.8_10 63626
52.8_10 63627
52.8_10 63627
52.8_10 63626
52.8_10 63626
53.7 63634
53.7 63635
53.7 63635
53.7 63635
53.7 63633
53.7 63634
53.7 63634
53.7 63634
53.7 63635
53.7 63633
53.7 63635
53.7 63634
53.7 63634
53.7 63635
53.7 63635
53.7 63634
53.7 63635
53.7 63634
53.7 63634
53.7 63635
53.7 63633
53.7 63635
53.7 63635
53.7 63635
53.7 63634
53.7 63636
53.7 63635
53.7 63634
53.7 63635
53.7 63634
53.7 63635
53.7 63634
57.5_10 63654
57.5_10 63654
57.5_10 63653
57.5_10 63653
57.5_10 63654
57.5_10 63654
57.5_10 63653
57.5_10 63654
57.5_10 63653
57.5_10 63653
57.5_10 63654
57.5_10 63654
57.5_10 63653
57.5_10 63654
57.5_10 63653
57.5_10 63655
57.5_10 63655
57.5_10 63655
57.5_10 63655
57.5_10 63653
57.5_10 63654
57.5_10 63654
57.5_10 63654
57.5_10 63653
57.5_10 63653
57.5_10 63654
57.5_10 63655
57.5_10 63654
57.5_10 63654
57.5_10 63654
57.5_10 63655
57.5_10 63653
58.8 63666
58.8 63665
58.8 63665
58.8 63666
58.8 63665
58.8 63665
58.8 63665
58.8 63664
58.8 63666
58.8 63664
58.8 63665
58.8 63666
58.8 63666
58.8 63664
58.8 63664
58.8 63665
58.8 63666
58.8 63665
58.8 63666
58.8 63666
58.8 63665
58.8 63665
58.8 63665
58.8 63665
58.8 63664
58.8 63666
58.8 63665
58.8 63664
58.8 63665
58.8 63665
58.8 63665
58.8 63665
62.6_10 63684
62.6_10 63683
62.6_10 63685
62.6_10 63685
62.6_10 63685
62.6_10 63683
62.6_10 63684
62.6_10 63684
62.6_10 63683
62.6_10 63685
62.6_10 63684
62.6_10 63684
62.6_10 63685
62.6_10 63685
62.6_10 63684
62.6_10 63685
62.6_10 63684
62.6_10 63684
62.6_10 63685
62.6_10 63685
62.6_10 63685
62.6_10 63684
62.6_10 63684
62.6_10 63685
62.6_10 63685
62.6_10 63685
62.6_10 63685
62.6_10 63685
62.6_10 63684
62.6_10 63685
62.6_10 63684
62.6_10 63685
63.8 63694
63.8 63696
63.8 63694
63.8 63694
63.8 63695
63.8 63694
63.8 63695
63.8 63695
63.8 63695
63.8 63694
63.8 63695
63.8 63695
63.8 63695
63.8 63695
63.8 63695
63.8 63694
63.8 63695
63.8 63694
63.8 63694
63.8 63694
63.8 63695
63.8 63696
63.8 63694
63.8 63694
63.8 63696
63.8 63695
63.8 63695
63.8 63695
63.8 63695
63.8 63695
63.8 63695
63.8 63695
67.6_10 63713
67.6_10 63714
67.6_10 63712
67.6_10 63712
67.6_10 63713
67.6_10 63713
67.6_10 63712
67.6_10 63713
67.6_10 63712
67.6_10 63712
67.6_10 63712
67.6_10 63713
67.6_10 63713
67.6_10 63712
67.6_10 63713
67.6_10 63714
67.6_10 63713
67.6_10 63714
67.6_10 63714
67.6_10 63714
67.6_10 63713
67.6_10 63714
67.6_10 63714
67.6_10 63714
67.6_10 63714
67.6_10 63713
67.6_10 63714
67.6_10 63713
67.6_10 63712
67.6_10 63714
67.6_10 63713
67.6_10 63713
68.7 63723
68.7 63723
68.7 63722
68.7 63723
68.7 63722
68.7 63723
68.7 63721
68.7 63722
68.7 63722
68.7 63723
68.7 63722
68.7 63722
68.7 63722
68.7 63723
68.7 63723
68.7 63722
68.7 63723
68.7 63723
68.7 63723
68.7 63722
68.7 63722
68.7 63724
68.7 63723
68.7 63723
68.7 63723
68.7 63723
68.7 63723
68.7 63722
68.7 63722
68.7 63722
68.7 63723
68.7 63722
72.7_10 63741
72.7_10 63742
72.7_10 63741
72.7_10 63741
72.7_10 63742
72.7_10 63741
72.7_10 63741
72.7_10 63741
72.7_10 63742
72.7_10 63742
72.7_10 63742
72.7_10 63741
72.7_10 63741
72.7_10 63743
72.7_10 63741
72.7_10 63742
72.7_10 63741
72.7_10 63741
72.7_10 63741
72.7_10 63741
72.7_10 63741
72.7_10 63742
72.7_10 63741
72.7_10 63742
72.7_10 63743
72.7_10 63741
72.7_10 63742
72.7_10 63742
72.7_10 63741
72.7_10 63742
72.7_10 63743
72.7_10 63742
73.8 63749
73.8 63750
73.8 63750
73.8 63751
73.8 63749
73.8 63750
73.8 63750
73.8 63750
73.8 63750
73.8 63751
73.8 63750
73.8 63751
73.8 63751
73.8 63750
73.8 63751
73.8 63749
73.8 63751
73.8 63750
73.8 63751
73.8 63749
73.8 63750
73.8 63749
73.8 63751
73.8 63750
73.8 63751
73.8 63749
73.8 63750
73.8 63750
73.8 63751
73.8 63751
73.8 63750
73.8 63750
77.6_10 63767
77.6_10 63766
77.6_10 63767
77.6_10 63766
77.6_10 63767
77.6_10 63767
77.6_10 63767
77.6_10 63768
77.6_10 63767
77.6_10 63768
77.6_10 63767
77.6_10 63768
77.6_10 63768
77.6_10 63767
77.6_10 63768
77.6_10 63767
77.6_10 63766
77.6_10 63767
77.6_10 63767
77.6_10 63768
77.6_10 63768
77.6_10 63768
77.6_10 63767
77.6_10 63767
77.6_10 63766
77.6_10 63768
77.6_10 63767
77.6_10 63767
77.6_10 63768
77.6_10 63767
77.6_10 63767
77.6_10 63767
78.7 63777
78.7 63776
78.7 63777
78.7 63776
78.7 63776
78.7 63776
78.7 63775
78.7 63776
78.7 63775
78.7 63777
78.7 63776
78.7 63776
78.7 63777
78.7 63776
78.7 63776
78.7 63777
78.7 63777
78.7 63777
78.7 63777
78.7 63777
78.7 63776
78.7 63777
78.7 63777
78.7 63776
78.7 63776
78.7 63776
78.7 63776
78.7 63776
78.7 63777
78.7 63775
78.7 63776
78.7 63776
82.9_10 63794
82.9_10 63796
82.9_10 63794
82.9_10 63795
82.9_10 63796
82.9_10 63795
82.9_10 63795
82.9_10 63795
82.9_10 63796
82.9_10 63796
82.9_10 63796
82.9_10 63796
82.9_10 63795
82.9_10 63796
82.9_10 63796
82.9_10 63795
82.9_10 63796
82.9_10 63795
82.9_10 63795
82.9_10 63796
82.9_10 63794
82.9_10 63795
82.9_10 63796
82.9_10 63796
82.9_10 63796
82.9_10 63795
82.9_10 63795
82.9_10 63795
82.9_10 63795
82.9_10 63795
82.9_10 63796
82.9_10 63796
83.6 63800
83.6 63802
83.6 63801
83.6 63800
83.6 63800
83.6 63801
83.6 63801
83.6 63800
83.6 63801
83.6 63801
83.6 63801
83.6 63801
83.6 63800
83.6 63801
83.6 63800
83.6 63800
83.6 63800
83.6 63801
83.6 63800
83.6 63801
83.6 63800
83.6 63801
83.6 63800
83.6 63801
83.6 63801
83.6 63801
83.6 63801
83.6 63801
83.6 63800
83.6 63801
83.6 63802
83.6 63801
87.4_10 63816
87.4_10 63815
87.4_10 63815
87.4_10 63816
87.4_10 63817
87.4_10 63816
87.4_10 63816
87.4_10 63815
87.4_10 63817
87.4_10 63815
87.4_10 63815
87.4_10 63816
87.4_10 63816
87.4_10 63816
87.4_10 63816
87.4_10 63816
87.4_10 63816
87.4_10 63816
87.4_10 63816
87.4_10 63816
87.4_10 63817
87.4_10 63817
87.4_10 63815
87.4_10 63817
87.4_10 63816
87.4_10 63817
87.4_10 63816
87.4_10 63816
87.4_10 63817
87.4_10 63816
87.4_10 63816
87.4_10 63817
88.6 63825
88.6 63823
88.6 63825
88.6 63824
88.6 63824
88.6 63825
88.6 63824
88.6 63824
88.6 63823
88.6 63824
88.6 63824
88.6 63824
88.6 63825
88.6 63824
88.6 63825
88.6 63824
88.6 63825
88.6 63824
88.6 63825
88.6 63824
88.6 63825
88.6 63824
88.6 63824
88.6 63824
88.6 63823
88.6 63824
88.6 63825
88.6 63825
88.6 63824
88.6 63825
88.6 63824
88.6 63824
92.3_10 63839
92.3_10 63838
92.3_10 63840
92.3_10 63839
92.3_10 63838
92.3_10 63839
92.3_10 63839
92.3_10 63839
92.3_10 63839
92.3_10 63839
92.3_10 63839
92.3_10 63839
92.3_10 63838
92.3_10 63839
92.3_10 63839
92.3_10 63839
92.3_10 63838
92.3_10 63839
92.3_10 63839
92.3_10 63839
92.3_10 63839
92.3_10 63840
92.3_10 63839
92.3_10 63839
92.3_10 63839
92.3_10 63838
92.3_10 63839
92.3_10 63838
92.3_10 63840
92.3_10 63839
92.3_10 63839
92.3_10 63839
93.4 63845
93.4 63846
93.4 63846
93.4 63847
93.4 63847
93.4 63846
93.4 63846
93.4 63846
93.4 63846
93.4 63847
93.4 63847
93.4 63846
93.4 63846
93.4 63846
93.4 63846
93.4 63847
93.4 63847
93.4 63846
93.4 63846
93.4 63846
93.4 63846
93.4 63846
93.4 63847
93.4 63847
93.4 63846
93.4 63847
93.4 63846
93.4 63846
93.4 63846
93.4 63847
93.4 63846
93.4 63846
97.1_10 63859
97.1_10 63861
97.1_10 63860
97.1_10 63859
97.1_10 63860
97.1_10 63860
97.1_10 63860
97.1_10 63860
97.1_10 63860
97.1_10 63860
97.1_10 63861
97.1_10 63861
97.1_10 63860
97.1_10 63860
97.1_10 63860
97.1_10 63860
97.1_10 63861
97.1_10 63859
97.1_10 63859
97.1_10 63860
97.1_10 63859
97.1_10 63861
97.1_10 63861
97.1_10 63860
97.1_10 63860
97.1_10 63861
97.1_10 63861
97.1_10 63860
97.1_10 63860
97.1_10 63859
97.1_10 63860
97.1_10 63861
98.3 63867
98.3 63867
98.3 63868
98.3 63868
98.3 63868
98.3 63867
98.3 63867
98.3 63869
98.3 63867
98.3 63868
98.3 63867
98.3 63867
98.3 63869
98.3 63869
98.3 63869
98.3 63867
98.3 63868
98.3 63868
98.3 63868
98.3 63868
98.3 63868
98.3 63867
98.3 63868
98.3 63869
98.3 63867
98.3 63868
98.3 63868
98.3 63867
98.3 63867
98.3 63868
98.3 63868
98.3 63868
102.1_10 63882
102.1_10 63882
102.1_10 63882
102.1_10 63882
102.1_10 63881
102.1_10 63880
102.1_10 63882
102.1_10 63881
102.1_10 63881
102.1_10 63882
102.1_10 63881
102.1_10 63881
102.1_10 63881
102.1_10 63882
102.1_10 63882
102.1_10 63882
102.1_10 63882
102.1_10 63882
102.1_10 63881
102.1_10 63882
102.1_10 63882
102.1_10 63881
102.1_10 63882
102.1_10 63882
102.1_10 63882
102.1_10 63881
102.1_10 63881
102.1_10 63882
102.1_10 63881
102.1_10 63882
102.1_10 63882
102.1_10 63881
103.3 63889
103.3 63889
103.3 63889
103.3 63888
103.3 63888
103.3 63889
103.3 63889
103.3 63889
103.3 63889
103.3 63888
103.3 63889
103.3 63889
103.3 63889
103.3 63889
103.3 63888
103.3 63888
103.3 63889
103.3 63889
103.3 63888
103.3 63890
103.3 63888
103.3 63889
103.3 63889
103.3 63889
103.3 63888
103.3 63889
103.3 63889
103.3 63889
103.3 63888
103.3 63888
103.3 63889
103.3 63888
106.9_10 63901
106.9_10 63901
106.9_10 63902
106.9_10 63901
106.9_10 63901
106.9_10 63901
106.9_10 63902
106.9_10 63902
106.9_10 63902
106.9_10 63901
106.9_10 63901
106.9_10 63901
106.9_10 63901
106.9_10 63901
106.9_10 63901
106.9_10 63901
106.9_10 63902
106.9_10 63902
106.9_10 63902
106.9_10 63902
106.9_10 63902
106.9_10 63901
106.9_10 63902
106.9_10 63902
106.9_10 63901
106.9_10 63901
106.9_10 63902
106.9_10 63901
106.9_10 63902
106.9_10 63903
106.9_10 63902
106.9_10 63902
108.1 63908
108.1 63908
108.1 63908
108.1 63908
108.1 63909
108.1 63909
108.1 63908
108.1 63908
108.1 63909
108.1 63909
108.1 63909
108.1 63909
108.1 63908
108.1 63908
108.1 63908
108.1 63909
108.1 63908
108.1 63908
108.1 63909
108.1 63908
108.1 63908
108.1 63909
108.1 63909
108.1 63909
108.1 63909
108.1 63909
108.1 63909
108.1 63909
108.1 63908
108.1 63909
108.1 63909
108.1 63908
111.8_10 63921
111.8_10 63921
111.8_10 63920
111.8_10 63921
111.8_10 63920
111.8_10 63920
111.8_10 63920
111.8_10 63920
111.8_10 63920
111.8_10 63920
111.8_10 63920
111.8_10 63920
111.8_10 63920
111.8_10 63920
111.8_10 63921
111.8_10 63920
111.8_10 63920
111.8_10 63921
111.8_10 63920
111.8_10 63920
111.8_10 63920
111.8_10 63921
111.8_10 63920
111.8_10 63921
111.8_10 63921
111.8_10 63920
111.8_10 63920
111.8_10 63921
111.8_10 63921
111.8_10 63920
111.8_10 63921
111.8_10 63920
113.1 63927
113.1 63927
113.1 63927
113.1 63927
113.1 63927
113.1 63927
113.1 63927
113.1 63928
113.1 63927
113.1 63927
113.1 63928
113.1 63928
113.1 63927
113.1 63927
113.1 63927
113.1 63928
113.1 63927
113.1 63927
113.1 63926
113.1 63927
113.1 63928
113.1 63927
113.1 63927
113.1 63927
113.1 63927
113.1 63927
113.1 63926
113.1 63927
113.1 63928
113.1 63927
113.1 63927
113.1 63927
124.9 63969
124.9 63969
124.9 63970
124.9 63969
124.9 63970
124.9 63970
124.9 63970
124.9 63969
124.9 63970
124.9 63970
124.9 63970
124.9 63970
124.9 63970
124.9 63970
124.9 63970
124.9 63969
124.9 63970
124.9 63970
124.9 63969
124.9 63971
124.9 63971
124.9 63969
124.9 63971
124.9 63970
124.9 63970
124.9 63970
124.9 63970
124.9 63970
124.9 63970
124.9 63970
124.9 63969
124.9 63970
