-59.2 62633
-59.2 62631
-59.2 62632
-59.2 62632
-59.2 62636
-59.2 62635
-59.2 62631
-59.2 62632
-59.2 62633
-59.2 62634
-59.2 62637
-59.2 62631
-59.2 62632
-59.2 62632
-59.2 62632
-59.2 62636
-59.2 62633
-59.2 62636
-59.2 62634
-59.2 62632
-59.2 62637
-59.2 62632
-59.2 62633
-59.2 62633
-59.2 62635
-59.2 62636
-59.2 62631
-59.2 62636
-59.2 62632
-59.2 62636
-59.2 62632
-59.2 62632
-59.2 62631
-59.2 62635
-59.2 62635
-59.2 62633
-59.2 62631
-59.2 62631
-59.2 62632
-59.2 62635
-59.2 62631
-59.2 62636
-59.2 62630
-59.2 62636
-59.2 62630
-59.2 62632
-59.2 62631
-59.2 62636
-59.2 62635
-59.2 62636
-59.2 62631
-59.2 62632
-59.2 62632
-59.2 62635
-59.2 62633
-59.2 62631
-59.2 62637
-59.2 62636
-59.2 62631
-59.2 62636
-59.2 62631
-59.2 62636
-59.2 62631
-59.2 62631
-52.1_10 62735
-52.1_10 62741
-52.1_10 62741
-52.1_10 62740
-52.1_10 62739
-52.1_10 62740
-52.1_10 62736
-52.1_10 62736
-52.1_10 62740
-52.1_10 62735
-52.1_10 62735
-52.1_10 62735
-52.1_10 62739
-52.1_10 62736
-52.1_10 62738
-52.1_10 62740
-52.1_10 62735
-52.1_10 62740
-52.1_10 62735
-52.1_10 62739
-52.1_10 62740
-52.1_10 62740
-52.1_10 62735
-52.1_10 62739
-52.1_10 62736
-52.1_10 62735
-52.1_10 62739
-52.1_10 62736
-52.1_10 62736
-52.1_10 62736
-52.1_10 62736
-52.1_10 62738
-52.1 62735
-52.1 62732
-52.1 62736
-52.1 62736
-52.1 62736
-52.1 62734
-52.1 62736
-52.1 62731
-52.1 62732
-52.1 62732
-52.1 62736
-52.1 62734
-52.1 62732
-52.1 62731
-52.1 62736
-52.1 62736
-52.1 62735
-52.1 62732
-52.1 62732
-52.1 62732
-52.1 62736
-52.1 62735
-52.1 62736
-52.1 62732
-52.1 62737
-52.1 62732
-52.1 62736
-52.1 62732
-52.1 62736
-52.1 62732
-52.1 62732
-52.1 62736
-47.4_10 62792
-47.4_10 62794
-47.4_10 62793
-47.4_10 62790
-47.4_10 62793
-47.4_10 62789
-47.4_10 62789
-47.4_10 62794
-47.4_10 62789
-47.4_10 62789
-47.4_10 62790
-47.4_10 62793
-47.4_10 62792
-47.4_10 62794
-47.4_10 62789
-47.4_10 62790
-47.4_10 62793
-47.4_10 62793
-47.4_10 62789
-47.4_10 62789
-47.4_10 62793
-47.4_10 62793
-47.4_10 62788
-47.4_10 62793
-47.4_10 62790
-47.4_10 62794
-47.4_10 62794
-47.4_10 62789
-47.4_10 62794
-47.4_10 62789
-47.4_10 62794
-47.4_10 62792
-47.3 62796
-47.3 62796
-47.3 62798
-47.3 62800
-47.3 62801
-47.3 62801
-47.3 62796
-47.3 62800
-47.3 62801
-47.3 62796
-47.3 62800
-47.3 62801
-47.3 62800
-47.3 62800
-47.3 62797
-47.3 62800
-47.3 62800
-47.3 62801
-47.3 62797
-47.3 62796
-47.3 62800
-47.3 62796
-47.3 62796
-47.3 62800
-47.3 62798
-47.3 62799
-47.3 62796
-47.3 62800
-47.3 62800
-47.3 62796
-47.3 62800
-47.3 62798
-42.6_10 62850
-42.6_10 62854
-42.6_10 62851
-42.6_10 62855
-42.6_10 62854
-42.6_10 62851
-42.6_10 62855
-42.6_10 62851
-42.6_10 62855
-42.6_10 62851
-42.6_10 62851
-42.6_10 62851
-42.6_10 62855
-42.6_10 62855
-42.6_10 62852
-42.6_10 62852
-42.6_10 62852
-42.6_10 62855
-42.6_10 62855
-42.6_10 62855
-42.6_10 62853
-42.6_10 62854
-42.6_10 62852
-42.6_10 62852
-42.6_10 62855
-42.6_10 62856
-42.6_10 62855
-42.6_10 62855
-42.6_10 62851
-42.6_10 62855
-42.6_10 62851
-42.6_10 62851
-42.3 62861
-42.3 62861
-42.3 62858
-42.3 62858
-42.3 62861
-42.3 62861
-42.3 62857
-42.3 62862
-42.3 62859
-42.3 62858
-42.3 62857
-42.3 62861
-42.3 62862
-42.3 62862
-42.3 62858
-42.3 62858
-42.3 62859
-42.3 62857
-42.3 62859
-42.3 62857
-42.3 62861
-42.3 62859
-42.3 62862
-42.3 62859
-42.3 62862
-42.3 62862
-42.3 62859
-42.3 62862
-42.3 62862
-42.3 62858
-42.3 62858
-42.3 62862
-37.6_10 62915
-37.6_10 62915
-37.6_10 62914
-37.6_10 62914
-37.6_10 62914
-37.6_10 62915
-37.6_10 62914
-37.6_10 62914
-37.6_10 62914
-37.6_10 62915
-37.6_10 62910
-37.6_10 62914
-37.6_10 62911
-37.6_10 62910
-37.6_10 62915
-37.6_10 62912
-37.6_10 62913
-37.6_10 62914
-37.6_10 62914
-37.6_10 62911
-37.6_10 62910
-37.6_10 62911
-37.6_10 62910
-37.6_10 62911
-37.6_10 62915
-37.6_10 62911
-37.6_10 62912
-37.6_10 62911
-37.6_10 62910
-37.6_10 62915
-37.6_10 62913
-37.6_10 62913
-37.4 62918
-37.4 62918
-37.4 62920
-37.4 62920
-37.4 62915
-37.4 62916
-37.4 62915
-37.4 62919
-37.4 62919
-37.4 62919
-37.4 62920
-37.4 62917
-37.4 62916
-37.4 62915
-37.4 62920
-37.4 62920
-37.4 62916
-37.4 62916
-37.4 62916
-37.4 62916
-37.4 62920
-37.4 62920
-37.4 62916
-37.4 62916
-37.4 62916
-37.4 62916
-37.4 62918
-37.4 62919
-37.4 62918
-37.4 62920
-37.4 62920
-37.4 62916
-32.7_10 62970
-32.7_10 62966
-32.7_10 62970
-32.7_10 62970
-32.7_10 62968
-32.7_10 62969
-32.7_10 62970
-32.7_10 62966
-32.7_10 62966
-32.7_10 62967
-32.7_10 62970
-32.7_10 62970
-32.7_10 62970
-32.7_10 62965
-32.7_10 62967
-32.7_10 62966
-32.7_10 62968
-32.7_10 62966
-32.7_10 62966
-32.7_10 62966
-32.7_10 62970
-32.7_10 62970
-32.7_10 62967
-32.7_10 62970
-32.7_10 62970
-32.7_10 62966
-32.7_10 62970
-32.7_10 62970
-32.7_10 62966
-32.7_10 62966
-32.7_10 62967
-32.7_10 62967
-32.4 62973
-32.4 62976
-32.4 62974
-32.4 62973
-32.4 62974
-32.4 62974
-32.4 62973
-32.4 62976
-32.4 62977
-32.4 62976
-32.4 62976
-32.4 62977
-32.4 62977
-32.4 62975
-32.4 62973
-32.4 62973
-32.4 62977
-32.4 62976
-32.4 62976
-32.4 62973
-32.4 62973
-32.4 62973
-32.4 62977
-32.4 62977
-32.4 62977
-32.4 62977
-32.4 62972
-32.4 62973
-32.4 62972
-32.4 62973
-32.4 62977
-32.4 62977
-27.8_10 63022
-27.8_10 63023
-27.8_10 63021
-27.8_10 63020
-27.8_10 63024
-27.8_10 63024
-27.8_10 63024
-27.8_10 63020
-27.8_10 63020
-27.8_10 63021
-27.8_10 63023
-27.8_10 63020
-27.8_10 63025
-27.8_10 63020
-27.8_10 63023
-27.8_10 63021
-27.8_10 63020
-27.8_10 63021
-27.8_10 63020
-27.8_10 63024
-27.8_10 63020
-27.8_10 63024
-27.8_10 63024
-27.8_10 63024
-27.8_10 63020
-27.8_10 63024
-27.8_10 63020
-27.8_10 63021
-27.8_10 63024
-27.8_10 63021
-27.8_10 63021
-27.8_10 63025
-27.5 63030
-27.5 63030
-27.5 63029
-27.5 63026
-27.5 63029
-27.5 63027
-27.5 63030
-27.5 63030
-27.5 63030
-27.5 63026
-27.5 63027
-27.5 63030
-27.5 63030
-27.5 63030
-27.5 63026
-27.5 63026
-27.5 63030
-27.5 63029
-27.5 63026
-27.5 63029
-27.5 63026
-27.5 63029
-27.5 63029
-27.5 63026
-27.5 63026
-27.5 63026
-27.5 63029
-27.5 63030
-27.5 63026
-27.5 63030
-27.5 63026
-27.5 63026
-23.3_10 63072
-23.3_10 63072
-23.3_10 63069
-23.3_10 63067
-23.3_10 63068
-23.3_10 63071
-23.3_10 63067
-23.3_10 63071
-23.3_10 63072
-23.3_10 63072
-23.3_10 63068
-23.3_10 63069
-23.3_10 63068
-23.3_10 63068
-23.3_10 63068
-23.3_10 63072
-23.3_10 63072
-23.3_10 63068
-23.3_10 63072
-23.3_10 63072
-23.3_10 63072
-23.3_10 63072
-23.3_10 63068
-23.3_10 63068
-23.3_10 63069
-23.3_10 63072
-23.3_10 63072
-23.3_10 63068
-23.3_10 63068
-23.3_10 63070
-23.3_10 63068
-23.3_10 63068
-23.1 63078
-23.1 63077
-23.1 63077
-23.1 63076
-23.1 63073
-23.1 63073
-23.1 63077
-23.1 63077
-23.1 63077
-23.1 63073
-23.1 63073
-23.1 63073
-23.1 63073
-23.1 63076
-23.1 63073
-23.1 63073
-23.1 63077
-23.1 63075
-23.1 63077
-23.1 63073
-23.1 63077
-23.1 63074
-23.1 63073
-23.1 63076
-23.1 63077
-23.1 63073
-23.1 63077
-23.1 63076
-23.1 63075
-23.1 63075
-23.1 63073
-23.1 63077
-18.8_10 63117
-18.8_10 63115
-18.8_10 63116
-18.8_10 63114
-18.8_10 63118
-18.8_10 63114
-18.8_10 63115
-18.8_10 63115
-18.8_10 63114
-18.8_10 63115
-18.8_10 63118
-18.8_10 63116
-18.8_10 63119
-18.8_10 63118
-18.8_10 63117
-18.8_10 63117
-18.8_10 63115
-18.8_10 63118
-18.8_10 63115
-18.8_10 63118
-18.8_10 63118
-18.8_10 63117
-18.8_10 63118
-18.8_10 63115
-18.8_10 63117
-18.8_10 63115
-18.8_10 63119
-18.8_10 63117
-18.8_10 63115
-18.8_10 63115
-18.8_10 63119
-18.8_10 63119
-18.6 63124
-18.6 63122
-18.6 63123
-18.6 63120
-18.6 63122
-18.6 63122
-18.6 63123
-18.6 63122
-18.6 63122
-18.6 63119
-18.6 63122
-18.6 63122
-18.6 63121
-18.6 63119
-18.6 63122
-18.6 63121
-18.6 63123
-18.6 63119
-18.6 63119
-18.6 63120
-18.6 63120
-18.6 63119
-18.6 63123
-18.6 63120
-18.6 63123
-18.6 63123
-18.6 63119
-18.6 63119
-18.6 63123
-18.6 63122
-18.6 63119
-18.6 63122
-14.3_10 63160
-14.3_10 63160
-14.3_10 63158
-14.3_10 63162
-14.3_10 63162
-14.3_10 63158
-14.3_10 63162
-14.3_10 63159
-14.3_10 63158
-14.3_10 63162
-14.3_10 63158
-14.3_10 63161
-14.3_10 63163
-14.3_10 63162
-14.3_10 63158
-14.3_10 63163
-14.3_10 63162
-14.3_10 63160
-14.3_10 63161
-14.3_10 63162
-14.3_10 63160
-14.3_10 63159
-14.3_10 63158
-14.3_10 63162
-14.3_10 63160
-14.3_10 63159
-14.3_10 63162
-14.3_10 63161
-14.3_10 63159
-14.3_10 63159
-14.3_10 63162
-14.3_10 63162
-13.9 63167
-13.9 63166
-13.9 63165
-13.9 63169
-13.9 63169
-13.9 63166
-13.9 63166
-13.9 63169
-13.9 63165
-13.9 63169
-13.9 63165
-13.9 63169
-13.9 63169
-13.9 63169
-13.9 63166
-13.9 63169
-13.9 63169
-13.9 63169
-13.9 63167
-13.9 63169
-13.9 63166
-13.9 63169
-13.9 63169
-13.9 63169
-13.9 63169
-13.9 63169
-13.9 63165
-13.9 63169
-13.9 63166
-13.9 63168
-13.9 63166
-13.9 63169
-9.6_10 63207
-9.6_10 63205
-9.6_10 63203
-9.6_10 63203
-9.6_10 63203
-9.6_10 63206
-9.6_10 63202
-9.6_10 63206
-9.6_10 63203
-9.6_10 63206
-9.6_10 63207
-9.6_10 63203
-9.6_10 63203
-9.6_10 63203
-9.6_10 63206
-9.6_10 63203
-9.6_10 63205
-9.6_10 63203
-9.6_10 63207
-9.6_10 63207
-9.6_10 63207
-9.6_10 63207
-9.6_10 63207
-9.6_10 63207
-9.6_10 63203
-9.6_10 63206
-9.6_10 63203
-9.6_10 63203
-9.6_10 63203
-9.6_10 63204
-9.6_10 63207
-9.6_10 63204
-9.3 63215
-9.3 63214
-9.3 63214
-9.3 63210
-9.3 63210
-9.3 63211
-9.3 63210
-9.3 63214
-9.3 63212
-9.3 63210
-9.3 63213
-9.3 63213
-9.3 63210
-9.3 63210
-9.3 63210
-9.3 63210
-9.3 63210
-9.3 63213
-9.3 63211
-9.3 63214
-9.3 63214
-9.3 63212
-9.3 63210
-9.3 63214
-9.3 63211
-9.3 63210
-9.3 63210
-9.3 63212
-9.3 63213
-9.3 63211
-9.3 63214
-9.3 63210
-4.9_10 63251
-4.9_10 63247
-4.9_10 63249
-4.9_10 63247
-4.9_10 63246
-4.9_10 63249
-4.9_10 63245
-4.9_10 63249
-4.9_10 63246
-4.9_10 63246
-4.9_10 63249
-4.9_10 63245
-4.9_10 63249
-4.9_10 63245
-4.9_10 63249
-4.9_10 63249
-4.9_10 63249
-4.9_10 63247
-4.9_10 63246
-4.9_10 63246
-4.9_10 63246
-4.9_10 63248
-4.9_10 63246
-4.9_10 63248
-4.9_10 63249
-4.9_10 63249
-4.9_10 63249
-4.9_10 63249
-4.9_10 63245
-4.9_10 63246
-4.9_10 63249
-4.9_10 63249
-4.4 63258
-4.4 63253
-4.4 63252
-4.4 63256
-4.4 63256
-4.4 63254
-4.4 63256
-4.4 63253
-4.4 63257
-4.4 63256
-4.4 63253
-4.4 63253
-4.4 63253
-4.4 63253
-4.4 63256
-4.4 63256
-4.4 63253
-4.4 63256
-4.4 63257
-4.4 63256
-4.4 63256
-4.4 63253
-4.4 63256
-4.4 63256
-4.4 63253
-4.4 63256
-4.4 63256
-4.4 63256
-4.4 63256
-4.4 63256
-4.4 63253
-4.4 63253
-0.1_10 63290
-0.1_10 63289
-0.1_10 63292
-0.1_10 63288
-0.1_10 63292
-0.1_10 63291
-0.1_10 63291
-0.1_10 63291
-0.1_10 63289
-0.1_10 63289
-0.1_10 63291
-0.1_10 63289
-0.1_10 63289
-0.1_10 63289
-0.1_10 63291
-0.1_10 63292
-0.1_10 63292
-0.1_10 63289
-0.1_10 63292
-0.1_10 63292
-0.1_10 63289
-0.1_10 63292
-0.1_10 63290
-0.1_10 63293
-0.1_10 63289
-0.1_10 63292
-0.1_10 63289
-0.1_10 63293
-0.1_10 63292
-0.1_10 63291
-0.1_10 63292
-0.1_10 63289
0.3 63301
0.3 63297
0.3 63296
0.3 63296
0.3 63299
0.3 63300
0.3 63297
0.3 63300
0.3 63300
0.3 63300
0.3 63297
0.3 63296
0.3 63300
0.3 63300
0.3 63300
0.3 63296
0.3 63299
0.3 63299
0.3 63300
0.3 63299
0.3 63300
0.3 63296
0.3 63297
0.3 63298
0.3 63300
0.3 63297
0.3 63297
0.3 63297
0.3 63300
0.3 63300
0.3 63297
0.3 63300
4.6_10 63335
4.6_10 63332
4.6_10 63331
4.6_10 63335
4.6_10 63333
4.6_10 63331
4.6_10 63331
4.6_10 63334
4.6_10 63335
4.6_10 63335
4.6_10 63335
4.6_10 63334
4.6_10 63332
4.6_10 63332
4.6_10 63335
4.6_10 63334
4.6_10 63332
4.6_10 63335
4.6_10 63332
4.6_10 63332
4.6_10 63335
4.6_10 63335
4.6_10 63332
4.6_10 63332
4.6_10 63332
4.6_10 63335
4.6_10 63333
4.6_10 63334
4.6_10 63333
4.6_10 63332
4.6_10 63332
4.6_10 63335
5.1 63343
5.1 63342
5.1 63339
5.1 63342
5.1 63342
5.1 63339
5.1 63340
5.1 63343
5.1 63340
5.1 63343
5.1 63343
5.1 63342
5.1 63341
5.1 63339
5.1 63343
5.1 63339
5.1 63340
5.1 63340
5.1 63342
5.1 63342
5.1 63339
5.1 63339
5.1 63342
5.1 63343
5.1 63342
5.1 63339
5.1 63343
5.1 63339
5.1 63339
5.1 63339
5.1 63339
5.1 63340
9.4_10 63382
9.4_10 63375
9.4_10 63376
9.4_10 63378
9.4_10 63378
9.4_10 63379
9.4_10 63377
9.4_10 63375
9.4_10 63376
9.4_10 63375
9.4_10 63376
9.4_10 63379
9.4_10 63377
9.4_10 63379
9.4_10 63376
9.4_10 63375
9.4_10 63378
9.4_10 63374
9.4_10 63376
9.4_10 63377
9.4_10 63376
9.4_10 63376
9.4_10 63375
9.4_10 63379
9.4_10 63376
9.4_10 63376
9.4_10 63376
9.4_10 63376
9.4_10 63376
9.4_10 63376
9.4_10 63375
9.4_10 63376
9.9 63391
9.9 63385
9.9 63383
9.9 63383
9.9 63384
9.9 63387
9.9 63385
9.9 63383
9.9 63384
9.9 63387
9.9 63383
9.9 63388
9.9 63383
9.9 63387
9.9 63384
9.9 63384
9.9 63386
9.9 63387
9.9 63383
9.9 63386
9.9 63384
9.9 63386
9.9 63383
9.9 63383
9.9 63383
9.9 63384
9.9 63386
9.9 63383
9.9 63387
9.9 63386
9.9 63386
9.9 63387
13.9_10 63417
13.9_10 63414
13.9_10 63414
13.9_10 63418
13.9_10 63417
13.9_10 63413
13.9_10 63414
13.9_10 63415
13.9_10 63416
13.9_10 63416
13.9_10 63416
13.9_10 63416
13.9_10 63415
13.9_10 63418
13.9_10 63416
13.9_10 63415
13.9_10 63415
13.9_10 63416
13.9_10 63415
13.9_10 63417
13.9_10 63418
13.9_10 63418
13.9_10 63415
13.9_10 63414
13.9_10 63418
13.9_10 63415
13.9_10 63415
13.9_10 63415
13.9_10 63417
13.9_10 63415
13.9_10 63418
13.9_10 63418
14.6 63431
14.6 63429
14.6 63426
14.6 63427
14.6 63426
14.6 63428
14.6 63426
14.6 63426
14.6 63424
14.6 63430
14.6 63429
14.6 63425
14.6 63429
14.6 63426
14.6 63427
14.6 63426
14.6 63428
14.6 63426
14.6 63427
14.6 63428
14.6 63425
14.6 63428
14.6 63429
14.6 63428
14.6 63425
14.6 63426
14.6 63425
14.6 63426
14.6 63426
14.6 63429
14.6 63429
14.6 63427
19.1_10 63463
19.1_10 63464
19.1_10 63462
19.1_10 63463
19.1_10 63464
19.1_10 63462
19.1_10 63465
19.1_10 63462
19.1_10 63465
19.1_10 63464
19.1_10 63463
19.1_10 63465
19.1_10 63465
19.1_10 63465
19.1_10 63463
19.1_10 63461
19.1_10 63466
19.1_10 63465
19.1_10 63462
19.1_10 63462
19.1_10 63466
19.1_10 63462
19.1_10 63465
19.1_10 63463
19.1_10 63464
19.1_10 63462
19.1_10 63463
19.1_10 63462
19.1_10 63466
19.1_10 63463
19.1_10 63465
19.1_10 63463
19.6 63472
19.6 63469
19.6 63469
19.6 63469
19.6 63469
19.6 63471
19.6 63472
19.6 63468
19.6 63469
19.6 63470
19.6 63472
19.6 63470
19.6 63472
19.6 63472
19.6 63468
19.6 63472
19.6 63469
19.6 63471
19.6 63472
19.6 63469
19.6 63471
19.6 63469
19.6 63472
19.6 63472
19.6 63469
19.6 63469
19.6 63471
19.6 63469
19.6 63472
19.6 63472
19.6 63472
19.6 63472
23.7_10 63500
23.7_10 63501
23.7_10 63498
23.7_10 63498
23.7_10 63501
23.7_10 63501
23.7_10 63501
23.7_10 63500
23.7_10 63501
23.7_10 63499
23.7_10 63497
23.7_10 63501
23.7_10 63498
23.7_10 63501
23.7_10 63501
23.7_10 63499
23.7_10 63501
23.7_10 63501
23.7_10 63498
23.7_10 63501
23.7_10 63499
23.7_10 63500
23.7_10 63499
23.7_10 63501
23.7_10 63500
23.7_10 63502
23.7_10 63502
23.7_10 63501
23.7_10 63499
23.7_10 63501
23.7_10 63499
23.7_10 63499
24.4 63507
24.4 63508
24.4 63506
24.4 63505
24.4 63507
24.4 63506
24.4 63505
24.4 63505
24.4 63506
24.4 63506
24.4 63506
24.4 63508
24.4 63507
24.4 63505
24.4 63508
24.4 63509
24.4 63508
24.4 63506
24.4 63506
24.4 63508
24.4 63506
24.4 63506
24.4 63509
24.4 63505
24.4 63508
24.4 63508
24.4 63508
24.4 63505
24.4 63506
24.4 63505
24.4 63508
24.4 63505
27.8_10 63528
27.8_10 63526
27.8_10 63526
27.8_10 63526
27.8_10 63527
27.8_10 63526
27.8_10 63527
27.8_10 63529
27.8_10 63527
27.8_10 63526
27.8_10 63527
27.8_10 63528
27.8_10 63529
27.8_10 63529
27.8_10 63529
27.8_10 63530
27.8_10 63530
27.8_10 63527
27.8_10 63527
27.8_10 63527
27.8_10 63527
27.8_10 63527
27.8_10 63529
27.8_10 63528
27.8_10 63528
27.8_10 63530
27.8_10 63529
27.8_10 63529
27.8_10 63527
27.8_10 63527
27.8_10 63527
27.8_10 63530
28.8 63535
28.8 63538
28.8 63536
28.8 63536
28.8 63539
28.8 63538
28.8 63537
28.8 63538
28.8 63539
28.8 63536
28.8 63536
28.8 63539
28.8 63537
28.8 63539
28.8 63536
28.8 63539
28.8 63539
28.8 63537
28.8 63539
28.8 63536
28.8 63536
28.8 63539
28.8 63536
28.8 63537
28.8 63537
28.8 63539
28.8 63539
28.8 63536
28.8 63539
28.8 63539
28.8 63536
28.8 63539
32.8_10 63565
32.8_10 63564
32.8_10 63563
32.8_10 63566
32.8_10 63564
32.8_10 63563
32.8_10 63564
32.8_10 63566
32.8_10 63567
32.8_10 63565
32.8_10 63565
32.8_10 63566
32.8_10 63567
32.8_10 63567
32.8_10 63566
32.8_10 63567
32.8_10 63565
32.8_10 63565
32.8_10 63565
32.8_10 63564
32.8_10 63564
32.8_10 63565
32.8_10 63567
32.8_10 63566
32.8_10 63567
32.8_10 63564
32.8_10 63564
32.8_10 63567
32.8_10 63567
32.8_10 63565
32.8_10 63565
32.8_10 63566
33.8 63574
33.8 63576
33.8 63574
33.8 63573
33.8 63573
33.8 63576
33.8 63575
33.8 63574
33.8 63573
33.8 63573
33.8 63576
33.8 63573
33.8 63575
33.8 63575
33.8 63576
33.8 63576
33.8 63573
33.8 63576
33.8 63573
33.8 63573
33.8 63573
33.8 63573
33.8 63576
33.8 63573
33.8 63576
33.8 63573
33.8 63576
33.8 63574
33.8 63573
33.8 63573
33.8 63576
33.8 63573
37.7_10 63601
37.7_10 63599
37.7_10 63601
37.7_10 63599
37.7_10 63602
37.7_10 63599
37.7_10 63599
37.7_10 63601
37.7_10 63602
37.7_10 63599
37.7_10 63602
37.7_10 63602
37.7_10 63600
37.7_10 63599
37.7_10 63600
37.7_10 63600
37.7_10 63600
37.7_10 63600
37.7_10 63602
37.7_10 63601
37.7_10 63599
37.7_10 63601
37.7_10 63602
37.7_10 63602
37.7_10 63599
37.7_10 63602
37.7_10 63602
37.7_10 63600
37.7_10 63602
37.7_10 63599
37.7_10 63602
37.7_10 63602
38.7 63611
38.7 63609
38.7 63608
38.7 63609
38.7 63611
38.7 63608
38.7 63611
38.7 63609
38.7 63611
38.7 63611
38.7 63608
38.7 63611
38.7 63608
38.7 63608
38.7 63611
38.7 63608
38.7 63609
38.7 63611
38.7 63611
38.7 63611
38.7 63612
38.7 63609
38.7 63610
38.7 63609
38.7 63611
38.7 63612
38.7 63608
38.7 63611
38.7 63610
38.7 63611
38.7 63608
38.7 63609
45.8_10 63659
45.8_10 63659
45.8_10 63658
45.8_10 63659
45.8_10 63659
45.8_10 63656
45.8_10 63659
45.8_10 63657
45.8_10 63659
45.8_10 63657
45.8_10 63657
45.8_10 63660
45.8_10 63659
45.8_10 63657
45.8_10 63660
45.8_10 63657
45.8_10 63658
45.8_10 63659
45.8_10 63657
45.8_10 63659
45.8_10 63657
45.8_10 63659
45.8_10 63657
45.8_10 63659
45.8_10 63660
45.8_10 63660
45.8_10 63657
45.8_10 63657
45.8_10 63659
45.8_10 63657
45.8_10 63658
45.8_10 63657
45.8 63659
45.8 63662
45.8 63662
45.8 63661
45.8 63662
45.8 63661
45.8 63659
45.8 63659
45.8 63659
45.8 63660
45.8 63660
45.8 63662
45.8 63661
45.8 63662
45.8 63662
45.8 63659
45.8 63659
45.8 63662
45.8 63662
45.8 63660
45.8 63659
45.8 63662
45.8 63660
45.8 63659
45.8 63662
45.8 63661
45.8 63662
45.8 63659
45.8 63661
45.8 63660
45.8 63662
45.8 63662
48.9_10 63678
48.9_10 63675
48.9_10 63676
48.9_10 63676
48.9_10 63676
48.9_10 63679
48.9_10 63678
48.9_10 63675
48.9_10 63676
48.9_10 63675
48.9_10 63676
48.9_10 63678
48.9_10 63676
48.9_10 63676
48.9_10 63678
48.9_10 63678
48.9_10 63676
48.9_10 63676
48.9_10 63675
48.9_10 63675
48.9_10 63676
48.9_10 63676
48.9_10 63676
48.9_10 63676
48.9_10 63678
48.9_10 63678
48.9_10 63678
48.9_10 63677
48.9_10 63677
48.9_10 63676
48.9_10 63676
48.9_10 63676
49.3 63682
49.3 63680
49.3 63682
49.3 63681
49.3 63680
49.3 63679
49.3 63679
49.3 63679
49.3 63681
49.3 63682
49.3 63681
49.3 63682
49.3 63680
49.3 63680
49.3 63679
49.3 63679
49.3 63679
49.3 63681
49.3 63680
49.3 63680
49.3 63681
49.3 63679
49.3 63682
49.3 63680
49.3 63678
49.3 63682
49.3 63681
49.3 63679
49.3 63679
49.3 63679
49.3 63679
49.3 63679
52.8_10 63699
52.8_10 63698
52.8_10 63698
52.8_10 63700
52.8_10 63697
52.8_10 63700
52.8_10 63700
52.8_10 63697
52.8_10 63697
52.8_10 63700
52.8_10 63698
52.8_10 63700
52.8_10 63697
52.8_10 63698
52.8_10 63701
52.8_10 63697
52.8_10 63700
52.8_10 63698
52.8_10 63698
52.8_10 63700
52.8_10 63699
52.8_10 63701
52.8_10 63699
52.8_10 63698
52.8_10 63698
52.8_10 63698
52.8_10 63698
52.8_10 63698
52.8_10 63698
52.8_10 63698
52.8_10 63700
52.8_10 63698
53.7 63707
53.7 63707
53.7 63705
53.7 63707
53.7 63708
53.7 63705
53.7 63704
53.7 63706
53.7 63707
53.7 63707
53.7 63708
53.7 63705
53.7 63706
53.7 63706
53.7 63707
53.7 63705
53.7 63707
53.7 63704
53.7 63708
53.7 63705
53.7 63707
53.7 63707
53.7 63707
53.7 63705
53.7 63705
53.7 63704
53.7 63707
53.7 63705
53.7 63705
53.7 63707
53.7 63707
53.7 63707
57.5_10 63727
57.5_10 63725
57.5_10 63728
57.5_10 63727
57.5_10 63727
57.5_10 63725
57.5_10 63725
57.5_10 63727
57.5_10 63725
57.5_10 63727
57.5_10 63726
57.5_10 63727
57.5_10 63727
57.5_10 63728
57.5_10 63728
57.5_10 63728
57.5_10 63727
57.5_10 63728
57.5_10 63725
57.5_10 63728
57.5_10 63727
57.5_10 63725
57.5_10 63727
57.5_10 63725
57.5_10 63728
57.5_10 63727
57.5_10 63725
57.5_10 63725
57.5_10 63726
57.5_10 63725
57.5_10 63728
57.5_10 63726
58.8 63734
58.8 63736
58.8 63736
58.8 63737
58.8 63737
58.8 63736
58.8 63734
58.8 63734
58.8 63735
58.8 63735
58.8 63735
58.8 63736
58.8 63737
58.8 63735
58.8 63736
58.8 63735
58.8 63736
58.8 63736
58.8 63737
58.8 63734
58.8 63736
58.8 63734
58.8 63736
58.8 63736
58.8 63736
58.8 63734
58.8 63734
58.8 63735
58.8 63734
58.8 63736
58.8 63734
58.8 63735
62.6_10 63755
62.6_10 63754
62.6_10 63753
62.6_10 63755
62.6_10 63757
62.6_10 63756
62.6_10 63754
62.6_10 63754
62.6_10 63754
62.6_10 63757
62.6_10 63757
62.6_10 63756
62.6_10 63755
62.6_10 63755
62.6_10 63754
62.6_10 63754
62.6_10 63754
62.6_10 63754
62.6_10 63757
62.6_10 63755
62.6_10 63754
62.6_10 63757
62.6_10 63757
62.6_10 63757
62.6_10 63757
62.6_10 63757
62.6_10 63757
62.6_10 63757
62.6_10 63755
62.6_10 63754
62.6_10 63755
62.6_10 63757
63.8 63763
63.8 63763
63.8 63765
63.8 63765
63.8 63765
63.8 63765
63.8 63763
63.8 63762
63.8 63763
63.8 63762
63.8 63765
63.8 63764
63.8 63763
63.8 63765
63.8 63764
63.8 63763
63.8 63763
63.8 63765
63.8 63763
63.8 63764
63.8 63762
63.8 63763
63.8 63762
63.8 63764
63.8 63763
63.8 63763
63.8 63763
63.8 63763
63.8 63765
63.8 63766
63.8 63765
63.8 63766
67.6_10 63782
67.6_10 63783
67.6_10 63784
67.6_10 63781
67.6_10 63784
67.6_10 63784
67.6_10 63782
67.6_10 63784
67.6_10 63782
67.6_10 63783
67.6_10 63783
67.6_10 63782
67.6_10 63781
67.6_10 63784
67.6_10 63784
67.6_10 63781
67.6_10 63781
67.6_10 63784
67.6_10 63784
67.6_10 63782
67.6_10 63781
67.6_10 63781
67.6_10 63783
67.6_10 63782
67.6_10 63782
67.6_10 63783
67.6_10 63784
67.6_10 63784
67.6_10 63782
67.6_10 63782
67.6_10 63784
67.6_10 63781
68.7 63789
68.7 63790
68.7 63792
68.7 63790
68.7 63792
68.7 63790
68.7 63790
68.7 63790
68.7 63790
68.7 63792
68.7 63789
68.7 63792
68.7 63789
68.7 63791
68.7 63790
68.7 63790
68.7 63789
68.7 63792
68.7 63792
68.7 63790
68.7 63792
68.7 63792
68.7 63790
68.7 63792
68.7 63790
68.7 63792
68.7 63792
68.7 63792
68.7 63789
68.7 63792
68.7 63789
68.7 63792
72.7_10 63810
72.7_10 63808
72.7_10 63808
72.7_10 63809
72.7_10 63811
72.7_10 63808
72.7_10 63811
72.7_10 63810
72.7_10 63809
72.7_10 63810
72.7_10 63808
72.7_10 63808
72.7_10 63811
72.7_10 63811
72.7_10 63809
72.7_10 63811
72.7_10 63808
72.7_10 63811
72.7_10 63808
72.7_10 63810
72.7_10 63809
72.7_10 63809
72.7_10 63811
72.7_10 63809
72.7_10 63809
72.7_10 63812
72.7_10 63811
72.7_10 63809
72.7_10 63809
72.7_10 63809
72.7_10 63810
72.7_10 63808
73.8 63816
73.8 63817
73.8 63818
73.8 63818
73.8 63816
73.8 63818
73.8 63816
73.8 63816
73.8 63818
73.8 63816
73.8 63815
73.8 63816
73.8 63816
73.8 63817
73.8 63816
73.8 63818
73.8 63817
73.8 63818
73.8 63818
73.8 63818
73.8 63815
73.8 63818
73.8 63815
73.8 63818
73.8 63815
73.8 63815
73.8 63816
73.8 63816
73.8 63818
73.8 63816
73.8 63817
73.8 63815
77.6_10 63835
77.6_10 63835
77.6_10 63833
77.6_10 63836
77.6_10 63835
77.6_10 63835
77.6_10 63835
77.6_10 63836
77.6_10 63835
77.6_10 63835
77.6_10 63833
77.6_10 63835
77.6_10 63833
77.6_10 63835
77.6_10 63835
77.6_10 63835
77.6_10 63833
77.6_10 63835
77.6_10 63833
77.6_10 63835
77.6_10 63834
77.6_10 63833
77.6_10 63835
77.6_10 63835
77.6_10 63833
77.6_10 63836
77.6_10 63834
77.6_10 63833
77.6_10 63833
77.6_10 63835
77.6_10 63836
77.6_10 63836
78.7 63841
78.7 63841
78.7 63840
78.7 63842
78.7 63843
78.7 63841
78.7 63842
78.7 63843
78.7 63841
78.7 63841
78.7 63841
78.7 63841
78.7 63842
78.7 63840
78.7 63842
78.7 63843
78.7 63842
78.7 63841
78.7 63841
78.7 63841
78.7 63843
78.7 63840
78.7 63842
78.7 63840
78.7 63843
78.7 63841
78.7 63842
78.7 63843
78.7 63841
78.7 63841
78.7 63842
78.7 63842
82.9_10 63859
82.9_10 63862
82.9_10 63859
82.9_10 63862
82.9_10 63861
82.9_10 63861
82.9_10 63860
82.9_10 63861
82.9_10 63862
82.9_10 63862
82.9_10 63862
82.9_10 63860
82.9_10 63862
82.9_10 63860
82.9_10 63860
82.9_10 63862
82.9_10 63860
82.9_10 63860
82.9_10 63860
82.9_10 63860
82.9_10 63862
82.9_10 63862
82.9_10 63861
82.9_10 63860
82.9_10 63859
82.9_10 63860
82.9_10 63860
82.9_10 63861
82.9_10 63860
82.9_10 63860
82.9_10 63862
82.9_10 63862
83.6 63866
83.6 63864
83.6 63864
83.6 63864
83.6 63866
83.6 63864
83.6 63866
83.6 63864
83.6 63864
83.6 63866
83.6 63864
83.6 63865
83.6 63865
83.6 63867
83.6 63864
83.6 63865
83.6 63865
83.6 63866
83.6 63865
83.6 63865
83.6 63865
83.6 63866
83.6 63864
83.6 63865
83.6 63866
83.6 63866
83.6 63864
83.6 63864
83.6 63864
83.6 63866
83.6 63864
83.6 63864
87.4_10 63881
87.4_10 63880
87.4_10 63881
87.4_10 63880
87.4_10 63882
87.4_10 63881
87.4_10 63880
87.4_10 63879
87.4_10 63882
87.4_10 63881
87.4_10 63882
87.4_10 63882
87.4_10 63880
87.4_10 63882
87.4_10 63882
87.4_10 63882
87.4_10 63882
87.4_10 63882
87.4_10 63882
87.4_10 63882
87.4_10 63880
87.4_10 63880
87.4_10 63880
87.4_10 63880
87.4_10 63881
87.4_10 63880
87.4_10 63882
87.4_10 63882
87.4_10 63880
87.4_10 63882
87.4_10 63882
87.4_10 63880
88.6 63889
88.6 63888
88.6 63886
88.6 63889
88.6 63887
88.6 63887
88.6 63889
88.6 63888
88.6 63889
88.6 63888
88.6 63889
88.6 63888
88.6 63887
88.6 63889
88.6 63887
88.6 63889
88.6 63886
88.6 63889
88.6 63888
88.6 63889
88.6 63889
88.6 63889
88.6 63889
88.6 63887
88.6 63889
88.6 63887
88.6 63889
88.6 63887
88.6 63887
88.6 63887
88.6 63887
88.6 63888
92.3_10 63904
92.3_10 63904
92.3_10 63902
92.3_10 63902
92.3_10 63902
92.3_10 63903
92.3_10 63904
92.3_10 63904
92.3_10 63904
92.3_10 63902
92.3_10 63902
92.3_10 63904
92.3_10 63904
92.3_10 63902
92.3_10 63902
92.3_10 63903
92.3_10 63902
92.3_10 63905
92.3_10 63902
92.3_10 63904
92.3_10 63905
92.3_10 63904
92.3_10 63902
92.3_10 63903
92.3_10 63902
92.3_10 63902
92.3_10 63905
92.3_10 63903
92.3_10 63905
92.3_10 63904
92.3_10 63904
92.3_10 63903
93.4 63909
93.4 63910
93.4 63908
93.4 63910
93.4 63910
93.4 63908
93.4 63909
93.4 63911
93.4 63908
93.4 63910
93.4 63909
93.4 63911
93.4 63911
93.4 63910
93.4 63908
93.4 63911
93.4 63910
93.4 63911
93.4 63909
93.4 63909
93.4 63909
93.4 63909
93.4 63910
93.4 63908
93.4 63910
93.4 63911
93.4 63910
93.4 63911
93.4 63910
93.4 63910
93.4 63909
93.4 63910
97.1_10 63923
97.1_10 63924
97.1_10 63924
97.1_10 63922
97.1_10 63922
97.1_10 63922
97.1_10 63922
97.1_10 63922
97.1_10 63923
97.1_10 63923
97.1_10 63923
97.1_10 63922
97.1_10 63924
97.1_10 63925
97.1_10 63923
97.1_10 63922
97.1_10 63922
97.1_10 63923
97.1_10 63924
97.1_10 63922
97.1_10 63924
97.1_10 63924
97.1_10 63924
97.1_10 63925
97.1_10 63925
97.1_10 63924
97.1_10 63925
97.1_10 63922
97.1_10 63922
97.1_10 63923
97.1_10 63924
97.1_10 63925
98.3 63930
98.3 63930
98.3 63929
98.3 63929
98.3 63929
98.3 63930
98.3 63929
98.3 63932
98.3 63930
98.3 63931
98.3 63929
98.3 63930
98.3 63930
98.3 63929
98.3 63931
98.3 63931
98.3 63931
98.3 63929
98.3 63931
98.3 63929
98.3 63932
98.3 63931
98.3 63929
98.3 63931
98.3 63929
98.3 63931
98.3 63930
98.3 63931
98.3 63929
98.3 63929
98.3 63929
98.3 63929
102.1_10 63942
102.1_10 63943
102.1_10 63944
102.1_10 63945
102.1_10 63943
102.1_10 63945
102.1_10 63945
102.1_10 63943
102.1_10 63945
102.1_10 63945
102.1_10 63944
102.1_10 63943
102.1_10 63945
102.1_10 63945
102.1_10 63945
102.1_10 63945
102.1_10 63944
102.1_10 63945
102.1_10 63943
102.1_10 63943
102.1_10 63945
102.1_10 63945
102.1_10 63943
102.1_10 63944
102.1_10 63943
102.1_10 63943
102.1_10 63943
102.1_10 63945
102.1_10 63945
102.1_10 63946
102.1_10 63943
102.1_10 63945
103.3 63949
103.3 63952
103.3 63949
103.3 63951
103.3 63951
103.3 63951
103.3 63949
103.3 63949
103.3 63950
103.3 63951
103.3 63952
103.3 63951
103.3 63949
103.3 63949
103.3 63952
103.3 63949
103.3 63949
103.3 63951
103.3 63950
103.3 63951
103.3 63952
103.3 63949
103.3 63952
103.3 63951
103.3 63949
103.3 63950
103.3 63949
103.3 63950
103.3 63950
103.3 63952
103.3 63949
103.3 63950
106.9_10 63965
106.9_10 63962
106.9_10 63964
106.9_10 63964
106.9_10 63965
106.9_10 63963
106.9_10 63965
106.9_10 63963
106.9_10 63964
106.9_10 63963
106.9_10 63963
106.9_10 63963
106.9_10 63963
106.9_10 63962
106.9_10 63962
106.9_10 63964
106.9_10 63965
106.9_10 63963
106.9_10 63964
106.9_10 63965
106.9_10 63964
106.9_10 63963
106.9_10 63963
106.9_10 63963
106.9_10 63965
106.9_10 63964
106.9_10 63965
106.9_10 63962
106.9_10 63964
106.9_10 63965
106.9_10 63965
106.9_10 63963
108.1 63970
108.1 63970
108.1 63968
108.1 63970
108.1 63970
108.1 63971
108.1 63968
108.1 63969
108.1 63969
108.1 63970
108.1 63970
108.1 63971
108.1 63969
108.1 63968
108.1 63970
108.1 63971
108.1 63969
108.1 63968
108.1 63971
108.1 63970
108.1 63969
108.1 63968
108.1 63970
108.1 63970
108.1 63970
108.1 63968
108.1 63971
108.1 63971
108.1 63968
108.1 63971
108.1 63969
108.1 63971
111.8_10 63980
111.8_10 63982
111.8_10 63983
111.8_10 63983
111.8_10 63982
111.8_10 63982
111.8_10 63983
111.8_10 63981
111.8_10 63983
111.8_10 63981
111.8_10 63983
111.8_10 63983
111.8_10 63981
111.8_10 63980
111.8_10 63983
111.8_10 63981
111.8_10 63982
111.8_10 63983
111.8_10 63983
111.8_10 63983
111.8_10 63981
111.8_10 63981
111.8_10 63983
111.8_10 63981
111.8_10 63982
111.8_10 63983
111.8_10 63983
111.8_10 63981
111.8_10 63983
111.8_10 63983
111.8_10 63983
111.8_10 63982
113.1 63987
113.1 63987
113.1 63987
113.1 63986
113.1 63986
113.1 63986
113.1 63989
113.1 63986
113.1 63989
113.1 63987
113.1 63988
113.1 63988
113.1 63986
113.1 63986
113.1 63989
113.1 63989
113.1 63988
113.1 63986
113.1 63986
113.1 63989
113.1 63988
113.1 63989
113.1 63986
113.1 63986
113.1 63987
113.1 63987
113.1 63986
113.1 63988
113.1 63988
113.1 63987
113.1 63989
113.1 63988
124.9 64029
124.9 64028
124.9 64028
124.9 64028
124.9 64028
124.9 64029
124.9 64028
124.9 64030
124.9 64028
124.9 64028
124.9 64028
124.9 64030
124.9 64029
124.9 64029
124.9 64029
124.9 64030
124.9 64028
124.9 64030
124.9 64030
124.9 64030
124.9 64028
124.9 64028
124.9 64030
124.9 64028
124.9 64030
124.9 64029
124.9 64030
124.9 64028
124.9 64028
124.9 64028
124.9 64030
124.9 64028
